time_offset_s,desired_position_x,desired_position_y,desired_position_z,desired_position_roll,desired_position_pitch,desired_position_yaw,desired_velocity_x,desired_velocity_y,desired_velocity_z,desired_velocity_roll,desired_velocity_pitch,desired_velocity_yaw,nominal_position_x,nominal_position_y,nominal_position_z,nominal_position_roll,nominal_position_pitch,nominal_position_yaw,nominal_velocity_x,nominal_velocity_y,nominal_velocity_z,nominal_velocity_roll,nominal_velocity_pitch,nominal_velocity_yaw,actual_position_mean_x,actual_position_mean_y,actual_position_mean_z,actual_position_mean_roll,actual_position_mean_pitch,actual_position_mean_yaw,actual_velocity_mean_x,actual_velocity_mean_y,actual_velocity_mean_z,actual_velocity_mean_roll,actual_velocity_mean_pitch,actual_velocity_mean_yaw,actual_position_std_x,actual_position_std_y,actual_position_std_z,actual_position_std_roll,actual_position_std_pitch,actual_position_std_yaw,actual_velocity_std_x,actual_velocity_std_y,actual_velocity_std_z,actual_velocity_std_roll,actual_velocity_std_pitch,actual_velocity_std_yaw,nominal_acceleration_command_x,nominal_acceleration_command_y,nominal_acceleration_command_z,nominal_acceleration_command_roll,nominal_acceleration_command_pitch,nominal_acceleration_command_yaw,nominal_actual_log_residual_x,nominal_actual_log_residual_y,nominal_actual_log_residual_z,nominal_actual_log_residual_roll,nominal_actual_log_residual_pitch,nominal_actual_log_residual_yaw,desired_actual_log_residual_x,desired_actual_log_residual_y,desired_actual_log_residual_z,desired_actual_log_residual_roll,desired_actual_log_residual_pitch,desired_actual_log_residual_yaw
18.005629062652588,0.053568605333566666,-0.14480608701705933,0.800000011920929,0.0,0.0,0.13075917959213257,0.0,0.0,0.0,0.0,0.0,0.0,0.12722409042956587,-0.1579222533145982,0.18808303055093487,-0.009737825352036919,0.1160416722116737,0.005422121696051623,0.09486833212379485,-0.027457746220650673,0.0909299293022198,-0.05367045714301835,1.1391771481253432,0.10807929089836163,0.12722409042956587,-0.1579222533145982,0.18808303055093487,-0.009737825352036919,0.1160416722116737,0.005422121696051623,0.09486833212379485,-0.027457746220650673,0.0909299293022198,-0.05367045714301835,1.1391771481253432,0.10807929089836163,0.0023263108822180988,0.002328870398622238,0.0023055069000032045,0.0015982911649621643,0.0015939901193899532,0.0016799927965210012,0.010330386373945542,0.0103027938191701,0.01007635927355012,0.008726646259971648,0.008726646259971648,0.008726646259971648,-0.5225962218598467,0.047159133046288514,10.147531581338798,0.7677374630967511,-11.220226001994154,0.42598283054115615,0.0,0.0,0.0,1.7347234759768075e-18,-0.0,-8.673617379884037e-19,0.0736554850959992,-0.013116166297538867,-0.6119169813699941,-0.00213706201266455,0.1165059782123474,-0.1251891874305224
18.05562906265259,0.053568605333566666,-0.14480608701705933,0.800000011920929,0.0,0.0,0.13075917959213257,0.0,0.0,0.0,0.0,0.0,0.0,0.13141178359035288,-0.15927366131147808,0.19112732128895019,-0.013425096918394304,0.15669346887964342,0.01114561426995156,0.07263939430768254,-0.02659857365454452,0.030841700218391825,-0.10265460831316037,0.48620793548528507,0.11981523669019778,0.1325819220789829,-0.15916451092490713,0.19302418561676485,-0.014371041136602173,0.17132448865519576,0.010231519068693965,0.12167497607796232,-0.022303024826834186,0.10415353207611373,-0.13350150023545226,1.0561759266200867,0.08316663578445051,0.001967206425968129,0.0019697024356658613,0.001955912565571856,0.0015563788886424693,0.001550264440209716,0.0016332459387080904,0.009261277348268085,0.009241935362929435,0.009082906533831085,0.008726646259971648,0.008726646259971648,0.008726646259971648,-0.536017376191852,0.05472819385455017,10.073781947027333,1.4325295701591778,-11.69617021342579,0.5168119140885945,0.0011701384886300126,0.00010915038657094422,0.0018968643278146624,-0.0007944133742528487,0.014641745041517353,-0.0008816356676567872,0.07901331674541623,-0.014358423907847806,-0.6069758263041641,-0.003149078418067044,0.1720004501627053,-0.12020527265895525
18.10562906265259,0.053568605333566666,-0.14480608701705933,0.800000011920929,0.0,0.0,0.13075917959213257,0.0,0.0,0.0,0.0,0.0,0.0,0.13447125341741925,-0.16057264935404233,0.19107501352988476,-0.018481807482304744,0.164097722842479,0.017915239983344666,0.04973939877496995,-0.02536094804802528,-0.03293401058100944,-0.11839915413018057,-0.1905584877263552,0.1360926366594059,0.13939049014702315,-0.1601051642108874,0.19829687524610767,-0.02397162436323647,0.2165109381980647,0.014504404648610183,0.1494377059469797,-0.014404654358587171,0.10467598661005274,-0.25267241559127607,0.7758150862613581,0.0681525614402334,0.0016799803456985327,0.0016816417435551742,0.001674709054356753,0.001516552613302285,0.001508265228389653,0.001588322409423994,0.008261182103659963,0.008250936509293138,0.008142435289054662,0.008726646259971648,0.008726646259971648,0.008726646259971648,-0.5489732793171884,0.04552435135664555,10.054007500454418,2.566067543990204,-10.291286453408595,0.5350992304824533,0.004919236729603899,0.00046748514315492207,0.00722186171622291,-0.004744436131689954,0.05248938538003732,-0.003329004195597159,0.08582188481345648,-0.015299077193828087,-0.6017031366748213,-0.009780493199390377,0.21773467111738348,-0.11573710655691709
18.155629062652586,0.053568605333566666,-0.14480608701705933,0.800000011920929,0.0,0.0,0.13075917959213257,0.0,0.0,0.0,0.0,0.0,0.0,0.1363695285889432,-0.16182126091940294,0.18780920217263342,-0.022544184874867104,0.13943260181208578,0.025753704204539533,0.026191608085992205,-0.024583514566401333,-0.0976984437090519,-0.07746680125565159,-0.7970807229370916,0.15328440244830577,0.14750787385149927,-0.16054733559884307,0.20329367188729808,-0.03728938747763877,0.2521534115671643,0.017870641240190586,0.172875717485392,-0.003498876230721485,0.09335159813524176,-0.254312600998496,0.5271454531897721,0.0347934313779475,0.0014637368375336485,0.0014640337877529445,0.0014618646447853976,0.0014784292864265208,0.0014677645697757503,0.0015452475391978609,0.007336512226007217,0.007334626536595472,0.007261560401566156,0.008726646259971648,0.008726646259971648,0.008726646259971648,-0.558919154368131,0.036485416350635944,10.10133182500532,2.8137782065666332,-9.044547663394065,0.6057260709852293,0.011138345262556082,0.0012739253205598655,0.015484469714664661,-0.012763994480885714,0.11298175012682259,-0.007508017040279548,0.0939392685179326,-0.015741248581783746,-0.5967063400336309,-0.020746444813181383,0.25418164498348444,-0.11217955815819879
18.205629062652587,0.053568605333566666,-0.14480608701705933,0.800000011920929,0.0,0.0,0.13075917959213257,0.0,0.0,0.0,0.0,0.0,0.0,0.13707798188220463,-0.16304229947943993,0.18136432456466817,-0.023801625645942893,0.08603970066140118,0.034674573341479546,0.0021465236444656484,-0.024258027835077817,-0.16009666060955385,-0.024148915252298037,-1.341266018647144,0.1740075102623457,0.15634987674177947,-0.1605119335309184,0.20750738788241052,-0.04927203886271873,0.2694558596846314,0.01983977360284331,0.17957195317873662,0.004637062239177362,0.0751075544542877,-0.22351438703103793,0.20175969773767313,-0.003745587634674004,0.0013126032821942162,0.0013114479951628977,0.0013123451550259106,0.0014414438630574013,0.0014288082228014391,0.0015046150616584738,0.006513555875618443,0.006517703842459601,0.006467545395601823,0.008726646259971648,0.008726646259971648,0.008726646259971648,-0.5467855031929965,0.03376313723365467,10.209439182031375,2.7559085259195095,-6.758271895213957,0.6484414648261637,0.01927189485957484,0.0025303659485215457,0.026143063317742354,-0.021719000751630264,0.1839850893856593,-0.013516407469498693,0.1027812714082128,-0.015705846513859062,-0.5924926240385184,-0.03157795052917027,0.2722332872506416,-0.1101005070677616
18.255629062652588,0.053568605333566666,-0.14480608701705933,0.800000011920929,0.0,0.0,0.13075917959213257,0.0,0.0,0.0,0.0,0.0,0.0,0.13659934801735865,-0.16425046655180697,0.17193467030796036,-0.021976752740783534,0.008351886658276802,0.044821484422252485,-0.02129187823830417,-0.02406865505960337,-0.21708950965875295,0.02627548671869928,-1.771137525948189,0.1968663877684324,0.16530667473854196,-0.16011334871969554,0.21080958266727795,-0.059664319964714226,0.2706610205853856,0.020693614183792976,0.17499717606523768,0.01096971533325886,0.0570986261472675,-0.19491993822035825,-0.20048218772710974,-0.020214748648514427,0.0012167329069641462,0.0012145228576990617,0.00121699488080878,0.001405814272883552,0.0013917559121270765,0.0014666962007337165,0.005839266884161054,0.005846206644751174,0.005812109114937804,0.008726646259971648,0.008726646259971648,0.008726646259971648,-0.5208042241304676,0.03241342850258258,10.321832710337416,2.738577699947739,-3.4014366425882194,0.6973601237078694,0.028707326721183313,0.004137117832111431,0.03887491235931759,-0.03182521524059674,0.26331591921856495,-0.021110487474369586,0.1117380694049753,-0.015307261702636216,-0.589190429253651,-0.04187396696277607,0.2741131800809279,-0.10922719111015704
18.30562906265259,0.053568605333566666,-0.14480608701705933,0.800000011920929,0.0,0.0,0.13075917959213257,0.0,0.0,0.0,0.0,0.0,0.0,0.13498127065720233,-0.16545085212131413,0.15979586550917513,-0.017232068092652025,-0.08656673101741516,0.05629358977106958,-0.043431216167947526,-0.023946767720682525,-0.2684626822926499,0.07583334739110806,-2.0331672706179447,0.2221711982186044,0.17367408696809797,-0.1594594791365765,0.21327625060964298,-0.06711804732047677,0.25485142157552054,0.02083251883977445,0.1584635005684705,0.014410137149398419,0.042189900878517345,-0.08509745319273361,-0.40850337899625944,-0.035591770882220354,0.0011631588238769591,0.0011606022110018305,0.0011633532194063017,0.0013708251113102841,0.0013560874230200575,0.001430944654223308,0.005276893383717137,0.005282828674696886,0.005259959844798426,0.008726646259971648,0.008726646259971648,0.008726646259971648,-0.4793419833637335,0.030874901134577516,10.416328726582417,1.969270969752505,-1.4882820043494305,0.7515338614278919,0.038692816310895634,0.005991372984737647,0.05348038510046785,-0.04191914958504987,0.3429544190110616,-0.03010047566469722,0.1201054816345313,-0.014653392119517161,-0.586723761311286,-0.05034869379092319,0.2588166517934487,-0.10916874121567367
18.35562906265259,0.053568605333566666,-0.14480608701705933,0.800000011920929,0.0,0.0,0.13075917959213257,0.0,0.0,0.0,0.0,0.0,0.0,0.13230805420152228,-0.16664706648308525,0.14520652209900126,-0.01069189117567943,-0.19214575526527433,0.06918252282950126,-0.06349744205925414,-0.023901806750161934,-0.31511105411429674,0.08692587155375459,-2.19953928337576,0.25018469555477757,0.18085458930736312,-0.15878909159607052,0.2150571660537969,-0.06747941682341035,0.2244721785848462,0.01952384240766553,0.12579020566179272,0.011533512280529129,0.029658573970966145,0.04859141916428182,-0.7547367400670416,-0.048490769361660795,0.0011372050434399305,0.0011350249066736323,0.0011370125729084218,0.0013367250256153254,0.0013219371227254073,0.0013972587906124466,0.004841759801140353,0.004842398201771569,0.004829685032651697,0.008726646259971648,0.008726646259971648,0.008726646259971648,-0.4427370582114819,0.04414400461305917,10.489474084080346,0.9287636627842275,1.8391582508068238,0.7555668143468484,0.04854653510584084,0.00785797488701473,0.06985064395479565,-0.0471223446780054,0.41861119571918726,-0.041867887583025655,0.12728598397379645,-0.013983004579011193,-0.5849428458671321,-0.05269598113782302,0.22851475560517256,-0.11063592468050071
18.405629062652586,0.053568605333566666,-0.14480608701705933,0.800000011920929,0.0,0.0,0.13075917959213257,0.0,0.0,0.0,0.0,0.0,0.0,0.12867728260771746,-0.16782444641698216,0.1283761917946187,-0.004843776064655717,-0.3019109424467328,0.0833403514877529,-0.08173342169294687,-0.0231933906057173,-0.35810215806104406,0.045993030367989414,-2.19953928337576,0.27839984053689654,0.1861493349471543,-0.1584073113377053,0.21631985858571287,-0.06102073452705761,0.18111736264102493,0.018748842902529598,0.08404228677717224,0.0024575044706960855,0.02133301380294698,0.17736630779248105,-1.0201625450446226,-0.017360537791318062,0.001126888426889816,0.0011255870859999582,0.0011260701930150831,0.0013036839882007668,0.001289383264813977,0.001365343530751394,0.0045298002854763575,0.004522072314991145,0.0045217139743886055,0.008726646259971648,0.008726646259971648,0.008726646259971648,-0.38725863049330694,0.055477395737214934,10.519610280036973,-0.1060232640984115,4.838993491064932,0.7390736575012045,0.057472052339436835,0.009417135079276856,0.08794366679109417,-0.04551518482093249,0.48525173629524415,-0.05508139184923807,0.13258072961358763,-0.013601224320645977,-0.5836801533352161,-0.049082264491854107,0.18481062485824362,-0.11161194266831433
18.455629062652587,0.053568605333566666,-0.14480608701705933,0.800000011920929,0.0,0.0,0.13075917959213257,0.0,0.0,0.0,0.0,0.0,0.0,0.12420406006687543,-0.16895223880475171,0.10943397653784326,-0.002641646829277141,-0.4080775716019266,0.09827326304712326,-0.0971954799407321,-0.02191830490506482,-0.39958645220996303,-0.04667915716191135,-2.0495475213628525,0.3057903276767353,0.18906810416341155,-0.1585807363457631,0.21727439653285088,-0.05231237171189424,0.12287212920348603,0.018596840798403843,0.031773448602820706,-0.009412276861391289,0.01791885322174161,0.15517939521677926,-1.2575000714563334,-0.03101795879829626,0.0011237904544716668,0.0011235471449351497,0.0011221566596442108,0.0012717495934303359,0.0012584133970967686,0.00133483673069133,0.004319727543846248,0.00430224446599874,0.004316972706734211,0.008726646259971648,0.008726646259971648,0.008726646259971648,-0.3216004599150284,0.07747117283873346,10.515169137855848,-0.16682993779307967,7.774672006108848,0.6729133920547679,0.06486404409653612,0.010371502458988602,0.10784041999500762,-0.03923016215708488,0.5332123286389896,-0.06924380179359645,0.13549949882984488,-0.013774649328703786,-0.5827256153880781,-0.04419548582198001,0.1260914943010778,-0.11196788497354279
18.505629062652588,0.053568605333566666,-0.14480608701705933,0.800000011920929,0.0,0.0,0.13075917959213257,0.0,0.0,0.0,0.0,0.0,0.0,0.11903980732686696,-0.16998878468611175,0.08841199514589543,-0.005888285458181028,-0.5033274977272439,0.1133980377423063,-0.10937462965960336,-0.0195435303493364,-0.44129280346793825,-0.14239167837654557,-1.752771833597747,0.3298728015442522,0.18920723525036123,-0.1593259395531265,0.2181859074477146,-0.044670672720917716,0.05427350915824444,0.01817322453333425,-0.02694626867302734,-0.01999163073186742,0.018839722364086677,0.1086878224896794,-1.4566252444185201,-0.043964833088772075,0.0011233115275720493,0.0011239788237733192,0.0011207869889090156,0.0012413762516654463,0.0012290983019903785,0.0013052642833008413,0.004193056011719252,0.0041671541511987065,0.0041977114279630285,0.008726646259971648,0.008726646259971648,0.008726646259971648,-0.25645413487473223,0.10268992831674373,10.472589146470195,0.18052064721909003,10.503291834180601,0.7246389934949786,0.07016742792349427,0.010662845132985266,0.12977391230181917,-0.030201785176149545,0.5598192587938345,-0.08435444451865567,0.13563862991679457,-0.014519852536067163,-0.5818141044732144,-0.041050484613121344,0.05710538038766078,-0.11253209144330503
18.55562906265259,0.053568605333566666,-0.14480608701705933,0.800000011920929,0.0,0.0,0.13075917959213257,0.0,0.0,0.0,0.0,0.0,0.0,0.1133480300072153,-0.17087506839533786,0.06525147120181674,-0.014775038909809997,-0.5806000046775885,0.12849520046007598,-0.11829646312645976,-0.015907818019707448,-0.4851281542951961,-0.22073667034057104,-1.3195651544290519,0.3565415554837797,0.18635368796402366,-0.16053129973310554,0.21909871189425745,-0.04078729922890813,-0.019780247053921552,0.017031780026647507,-0.08599194534661324,-0.027600024876848903,0.016489808745943916,0.014841677195634905,-1.4722497802898713,-0.05966430807852246,0.0011225674735962018,0.0011237462180353917,0.0011192456716471507,0.0012128977686877783,0.0012013839728102834,0.0012762578523872281,0.004122302604079384,0.004091459883004384,0.004135007310609992,0.008726646259971648,0.008726646259971648,0.008726646259971648,-0.20488003406708497,0.11115894173006385,10.446734040933507,0.8731345777103098,12.006775196131127,0.7642243298011142,0.07300565795680836,0.010343768662232328,0.1538472406924407,-0.021106567638394285,0.563112601596946,-0.10012902625509053,0.132785082630457,-0.01572521271604621,-0.5809013000266715,-0.04201458777872708,-0.01708222555473098,-0.11370499990828908
18.60562906265259,0.053568605333566666,-0.14480608701705933,0.800000011920929,0.0,0.0,0.13075917959213257,0.0,0.0,0.0,0.0,0.0,0.0,0.10727462864023037,-0.17156898022131586,0.03986686083445426,-0.02858177569332981,-0.6345504521799668,0.1437283790934884,-0.12463959155293378,-0.011848655019412485,-0.5302562603992884,-0.264450965780035,-0.8111843071628295,0.385189576238614,0.1805920128497065,-0.16198005132476,0.21967729239450318,-0.041983650929879844,-0.09536201706326022,0.015343597555345628,-0.1448512176711188,-0.029388487333973343,0.005067494899148295,-0.08199605915643456,-1.5649191077692357,-0.06609056692031746,0.0011202656810510557,0.0011214219112294364,0.0011164291105571112,0.0011866114946620626,0.0011753078364052803,0.001247792258469481,0.004086616884629799,0.004055534737592926,0.004106328654509291,0.008726646259971648,0.008726646259971648,0.008726646259971648,-0.16285966148807113,0.11224315712242933,10.467511873283438,1.6177663851939186,14.270337974872918,0.7777684335896895,0.07331738420947613,0.009588928896555854,0.17981043156004892,-0.013844414399755403,0.5418826838383544,-0.11621609491894222,0.12702340751613983,-0.017173964307700684,-0.5803227195264258,-0.0481504645318281,-0.09246571463571804,-0.11529721712755754
18.655629062652586,0.053568605333566666,-0.14480608701705933,0.800000011920929,0.0,0.0,0.13075917959213257,0.0,0.0,0.0,0.0,0.0,0.0,0.10093659631764597,-0.17205857862803864,0.012251817452326594,-0.04610617202780919,-0.660352298124792,0.15936160197584445,-0.12888170135045676,-0.007735281249499539,-0.5743454748858811,-0.2709336708453176,-0.18962532095956008,0.41451480218287495,0.17187633754610865,-0.163384889312337,0.21954253854071573,-0.044975010063584245,-0.17447800296765506,0.013497702930854165,-0.20220221676415573,-0.026487587922867158,-0.010376132053458687,-0.07354130078988728,-1.5379074042526726,-0.062083998818576576,0.001116947255096702,0.0011175228755498868,0.0011130470360766693,0.001162644957911918,0.0011507288760382998,0.0012199080918028863,0.0040681437318313245,0.00404172580250717,0.004092382283604347,0.008726646259971648,0.008726646259971648,0.008726646259971648,-0.11212676104425823,0.10093566491204499,10.529618296178246,1.6076482927513522,15.474068736097722,0.7697502482517781,0.07093974122846268,0.008673689315701644,0.20729072108838914,-0.006622592844553281,0.4892211882299931,-0.13378245532152164,0.11830773221254198,-0.01857880229527767,-0.5804574733802133,-0.05630983421390087,-0.1712634074154102,-0.11690738354820891
18.705629062652587,0.053568605333566666,-0.14480608701705933,0.800000011920929,0.0,0.0,0.13075917959213257,0.0,0.0,0.0,0.0,0.0,0.0,0.09444987463073971,-0.17235664271152876,-0.017490053625514264,-0.06696973790290998,-0.653592035324994,0.17524713284729884,-0.13058716612578936,-0.004187282090105525,-0.6153293682277364,-0.277922280532729,0.4921202033049945,0.44343911886024245,0.16042573933660506,-0.1646080605334841,0.21867308979606614,-0.04667653783392109,-0.2504961293909672,0.011914878650129912,-0.2542631515502887,-0.02265037499834903,-0.023621322477823208,-0.020879301432484836,-1.4740231851589578,-0.057148571199023085,0.0011123099588590177,0.00111187056946854,0.0011088987183745962,0.0011410375174010546,0.001127663383011747,0.001192838496103552,0.004054951262430974,0.004037385177451425,0.004079703066721269,0.008726646259971648,0.008726646259971648,0.008726646259971648,-0.06405342658130476,0.09132107927180932,10.597459936030551,1.2971593751421355,16.42880154264474,0.7711318656113648,0.06597586470586535,0.007748582178044666,0.2361631434215804,0.003634786801986466,0.407165072500815,-0.15378665653156814,0.1068571340030384,-0.019801973516424765,-0.5813269221248628,-0.06297896405668338,-0.24705453591274737,-0.11813575731819856
18.755629062652588,0.053568605333566666,-0.14480608701705933,0.800000011920929,0.0,0.0,0.13075917959213257,0.0,0.0,0.0,0.0,0.0,0.0,0.08793797137314553,-0.17248932506909948,-0.04919631732063253,-0.0919115712854376,-0.611588907310298,0.19068838215979123,-0.12988896417797424,-0.0011200122127233013,-0.6529211795769764,-0.3004353361006014,1.2216023678969008,0.47243251640558925,0.14663302519233684,-0.1656909743124107,0.21739017180890577,-0.04546512569120619,-0.3155868790554765,0.011401757464750447,-0.2937008541301383,-0.021187473437800964,-0.024804405242518014,0.05442052197747203,-1.078054352215391,-0.023949433553727677,0.0011064789985606037,0.0011048345084592446,0.001104109281661676,0.0011214456116218033,0.001106065873683337,0.0011670432719817555,0.004040930548617012,0.004034119488748362,0.004061343740170784,0.008726646259971648,0.008726646259971648,0.008726646259971648,-0.03829039735483312,0.0839886556718951,10.653437285302319,0.524375802326266,14.275659755966533,0.6543165073693993,0.05869505381919131,0.006798350756688776,0.2665864891295383,0.020318965905741157,0.30065121242937426,-0.17571112996478944,0.09306441985877018,-0.020884887295351373,-0.5826098401120232,-0.06602472826266809,-0.31212423203096706,-0.11824730375673365
18.80562906265259,0.053568605333566666,-0.14480608701705933,0.800000011920929,0.0,0.0,0.13075917959213257,0.0,0.0,0.0,0.0,0.0,0.0,0.0814931819994752,-0.17247780946230096,-0.08271219989662312,-0.12211689208100489,-0.5359443354733097,0.20464803745171573,-0.12790261076883552,0.0015806364846632061,-0.687714123462628,-0.36158757030926786,1.8434274431548952,0.49558514603883774,0.13123513244912408,-0.1668185278346985,0.21642605389861552,-0.03999857068600772,-0.35917430084875157,0.013260320811302283,-0.3197570977948428,-0.02463816537467679,-0.01244225747827284,0.12199388415747171,-0.6356664799838884,0.022952500640942963,0.0010994824279062872,0.0010967553604659844,0.0010985810424752197,0.0011031887158628605,0.0010858840529382019,0.0011431637078394717,0.004025092507663695,0.004027835501461618,0.004037804767551258,0.008726646259971648,0.008726646259971648,0.008726646259971648,-0.030640068228796738,0.09079702120986952,10.66490017170445,-0.004424454315861456,11.455567687271191,0.5939727114944446,0.04974195044964888,0.005659281627602458,0.2991382537952386,0.047930151639305266,0.18149295713460614,-0.19741500425221317,0.07766652711555741,-0.022012440817639173,-0.5835739580223134,-0.0634146504344804,-0.3559935155309819,-0.11607202683838956
18.85562906265259,0.053568605333566666,-0.14480608701705933,0.800000011920929,0.0,0.0,0.13075917959213257,0.0,0.0,0.0,0.0,0.0,0.0,0.07515727320766934,-0.17232275096371066,-0.11795340105889365,-0.1584752639756799,-0.43300236863365993,0.2163294480378942,-0.125533740903395,0.004621703458948439,-0.721933923028173,-0.44917981735004103,2.3242479149781206,0.5157205858783385,0.11498448951633405,-0.1681891426272176,0.21628786808526584,-0.03289331036794946,-0.3772434706568537,0.017691386814748647,-0.32659298014684723,-0.03032277372366937,0.009097809591213701,0.15529197825453606,-0.09764374389376079,0.08474716613961844,0.0010932569855491643,0.0010898596008906145,0.0010940123357305953,0.0010857830483921368,0.001067099876380887,0.001121604850943558,0.00401706712413192,0.004025137941649408,0.004020144649944463,0.008726646259971648,0.008726646259971648,0.008726646259971648,-0.024990181403632072,0.10049576503946807,10.643367424789739,-0.2957479593750582,7.459020558691228,0.47782473376114076,0.03982721630866472,0.0041336083364930665,0.3342412691441595,0.08616781996820388,0.060035319267917595,-0.2160573037241711,0.06141588418276739,-0.02338305561015827,-0.5837121438356632,-0.0574989445104262,-0.37448030572558094,-0.11150100277845326
18.905629062652586,0.053568605333566666,-0.14480608701705933,0.800000011920929,0.0,0.0,0.13075917959213257,0.0,0.0,0.0,0.0,0.0,0.0,0.0689468702676674,-0.17200351568661915,-0.15493250813308215,-0.20097954852231162,-0.3113362175058229,0.22559996837302085,-0.12288237669669642,0.008147707624713356,-0.7572303599394511,-0.551338239643767,2.6052410303723246,0.5300486268311728,0.09888303326828582,-0.16979842402011974,0.21754586754532468,-0.027228565856721898,-0.3694820383341221,0.024118361370197777,-0.3143893277187361,-0.03313636665593372,0.04254265694225674,0.09888115124730418,0.3711881541049199,0.12642507208472883,0.001087349753851389,0.0010838543992688437,0.0010896205352924086,0.0010689257349089387,0.0010496247418885964,0.0011023325496742585,0.004010361705491713,0.004018345478597869,0.004005136102908731,0.008726646259971648,0.008726646259971648,0.008726646259971648,-0.046622017973337315,0.10662398063785788,10.57531736844213,0.07050389849864772,3.7549955566294884,0.3607595268291066,0.029936163000618424,0.0022050916664994036,0.3724783756784068,0.13253705175973676,-0.054689122558775546,-0.2297184871352809,0.045314427934719154,-0.024992337003060416,-0.5824541443756043,-0.051332480094745135,-0.3670761149451591,-0.10514134861123406
18.955629062652587,0.053568605333566666,-0.14480608701705933,0.800000011920929,0.0,0.0,0.13075917959213257,0.0,0.0,0.0,0.0,0.0,0.0,0.06284199574228783,-0.17150031993174136,-0.1937614996232718,-0.24836560784217776,-0.18048602401875358,0.23301154821831008,-0.12131260431848294,0.011980122570398018,-0.7959292996681122,-0.6351840690438147,2.701032895663459,0.5385234074374065,0.0838921661331294,-0.17136729850851723,0.22054884919465198,-0.02571438688776352,-0.3411424111640194,0.031281195218604375,-0.28206157040688207,-0.02866338499688093,0.07637390039494359,0.02929939960916416,0.730694899205966,0.1485778753345051,0.0010821024067391815,0.0010790711738777189,0.0010854450963864528,0.0010526830428443479,0.001033438697414979,0.001085029682508099,0.004009072124484105,0.004012437780875742,0.003998304305840562,0.008726646259971648,0.008726646259971648,0.008726646259971648,-0.07801746553760668,0.0980804101716984,10.49467747392564,0.7316181459598698,0.32310551309303137,0.31897232226477096,0.021050170390841574,0.00013302142322413335,0.4143103488179238,0.1824441039530394,-0.158087724692659,-0.23835479648179944,0.030323560799562735,-0.026561211491457903,-0.579451162726277,-0.04796483356081485,-0.3388573428011531,-0.0981999387068888
19.005629062652588,0.053568605333566666,-0.14480608701705933,0.800000011920929,0.0,0.0,0.13075917959213257,0.0,0.0,0.0,0.0,0.0,0.0,0.056776365526363594,-0.17081618289266204,-0.23462623796804016,-0.29829795235221745,-0.049132747166696605,0.23967242373153821,-0.12131260431848294,0.015385358992774701,-0.8386602341225979,-0.6859741860708009,2.6252302587777683,0.5449088278154233,0.07089755230637836,-0.1725914570147346,0.22499920764296624,-0.029044884608238404,-0.297283922385314,0.0381846907162955,-0.23663530357451196,-0.01975876237180964,0.09958190988061953,-0.06863605712293791,1.0013222568440086,0.16241765774936429,0.0010773761162837807,0.0010752077818854313,0.001081125309327208,0.0010371538569188526,0.0010184836982165984,0.001069275951818771,0.004009123902338739,0.004005692715050415,0.003997498973942934,0.008726646259971648,0.008726646259971648,0.008726646259971648,-0.12231296510280214,0.08354366466263745,10.447856989021455,1.432169726996301,-2.4332813802803153,0.27156252066824876,0.014121186780014762,-0.0017752741220725676,0.4596254456110064,0.232031505567864,-0.24636388688386435,-0.24310643773436383,0.01732894697281169,-0.02778536999767528,-0.5750008042779627,-0.048419399288739014,-0.2948371179796838,-0.09160074252888262
19.05562906265259,0.053568605333566666,-0.14480608701705933,0.800000011920929,0.0,0.0,0.13075917959213257,0.0,0.0,0.0,0.0,0.0,0.0,0.05065536593598287,-0.1699799549643502,-0.2776860486416631,-0.3481875121917635,0.07528345549613706,0.24690850460099648,-0.12352737929674275,0.018063758139698325,-0.8837321928222929,-0.7017367240459649,2.4116082772234084,0.5489237581136139,0.06031936561878311,-0.17327183401090016,0.23032700377967952,-0.03555956159684149,-0.24346632785072478,0.045448210009154597,-0.18616881817879932,-0.007079678182947889,0.11253642577703653,-0.09152030431728846,1.1620826739234438,0.19527225564722847,0.0010738997134896672,0.0010727603394378236,0.001077352938310206,0.0010224736488592537,0.001004694669584673,0.0010546722938614872,0.0040130983212554525,0.004002941256689197,0.004004908213262623,0.008726646259971648,0.008726646259971648,0.008726646259971648,-0.14819347921282094,0.06201045465650817,10.444617242702154,1.7990971505892213,-4.8537019994089725,0.20250869311254388,0.00966399968280024,-0.003291879046549956,0.5080130524213426,0.2794677139431915,-0.3179045339608322,-0.24449307766276696,0.006750760285216442,-0.02846574699384083,-0.5696730081412494,-0.05140096952580553,-0.24067440753882968,-0.08465061449044675
19.10562906265259,0.053568605333566666,-0.14480608701705933,0.800000011920929,0.0,0.0,0.13075917959213257,0.0,0.0,0.0,0.0,0.0,0.0,0.04439127695405162,-0.16903672359119984,-0.32300350693316987,-0.3959617854969932,0.1865275281336713,0.2560053716277049,-0.1270361799805035,0.01966549678631547,-0.9289661388379529,-0.6991528908414827,2.076965264712614,0.5494859970340193,0.05227320821516343,-0.1732915276238504,0.2361363785461466,-0.043250615497768215,-0.18154539792665159,0.05416114990099931,-0.13603428109347873,0.00601131926054083,0.1184648549195944,-0.09619749347458231,1.291005427270614,0.22250693865216636,0.001071016358806529,0.0010708390265886352,0.0010736133181952542,0.0010087081581141902,0.000991992555014009,0.0010409881391640684,0.00401445701139804,0.003999048944997487,0.00401245788411033,0.008726646259971648,0.008726646259971648,0.008726646259971648,-0.16990336845951165,0.04665645940785949,10.486492351500697,1.8709352851186802,-6.968597649700386,0.12321417547837743,0.007881931261111808,-0.00425480403265055,0.5591398854793165,0.3241746023353105,-0.3688442772046086,-0.24223147162809608,-0.0012953971184032353,-0.028485440606791063,-0.5638636333747824,-0.05502573737988384,-0.17835328181304055,-0.0762183223754515
19.155629062652586,0.053568605333566666,-0.14480608701705933,0.800000011920929,0.0,0.0,0.13075917959213257,0.0,0.0,0.0,0.0,0.0,0.0,0.03792461057637444,-0.16803259777977952,-0.37053031863945807,-0.44039852313206984,0.2790601221558933,0.2682994730628511,-0.1316304751265985,0.02049953567050011,-0.9721063294136826,-0.6929771509105279,1.6365774696872786,0.5460835100727166,0.04663925251544096,-0.17268340095022813,0.2420383367892355,-0.05086873150267647,-0.1178201723876933,0.06337291387221955,-0.08909693309612343,0.01814176598539819,0.11660981680803534,-0.1150301230395699,1.326849820043253,0.22147703453790749,0.0010690845266603617,0.0010696230753124646,0.0010705146866364847,0.0009960005507700465,0.0009803309848664683,0.0010279936201373046,0.004013655600408858,0.003995253972876137,0.004018539113703452,0.008726646259971648,0.008726646259971648,0.008726646259971648,-0.17148157508794348,0.010686651179246663,10.544558735829689,2.1403249417926618,-8.629606147692488,0.02125800602823136,0.008714641939066521,-0.004650803170448609,0.6125686554286935,0.3653884433436133,-0.39991250180393834,-0.2392005764930897,-0.006929352818125706,-0.027877313933168807,-0.5579616751316935,-0.05845882072173543,-0.11424743069575924,-0.06720679253104228
19.205629062652587,0.053568605333566666,-0.14480608701705933,0.800000011920929,0.0,0.0,0.13075917959213257,0.0,0.0,0.0,0.0,0.0,0.0,0.031226256683106496,-0.16703173228443563,-0.42014155689412497,-0.4804396758782839,0.34826129033603326,0.2850816406114936,-0.1363036806041154,0.019535084143254142,-1.0123432007729658,-0.6733319281458734,1.1131392497623054,0.5375832146389062,0.04348869050556888,-0.17146992619817744,0.24778516617781843,-0.06007616541912604,-0.04717218809084676,0.07216198173342236,-0.038415091127006404,0.030138671071338337,0.11322923196909315,-0.13958835452506865,1.4357048139312225,0.21273723582833454,0.0010678745001381736,0.0010687677155358964,0.0010680898752523183,0.0009842520787838578,0.000969613457143317,0.0010156499264299629,0.0040125889373503545,0.003993682432211216,0.004024052474349819,0.008726646259971648,0.008726646259971648,0.008726646259971648,-0.1804620349509808,0.008800580897348607,10.575885852233267,2.53983929923183,-10.622339631336592,0.07277241834149255,0.012262433822462386,-0.004438193913741811,0.6679267230719435,0.4016992954889523,-0.4010521777729576,-0.23641726719590836,-0.010079914827997784,-0.026663839181118115,-0.5522148457431105,-0.0630250346025045,-0.04314324389564259,-0.058533635243933
19.255629062652588,0.053568605333566666,-0.14480608701705933,0.800000011920929,0.0,0.0,0.13075917959213257,0.0,0.0,0.0,0.0,0.0,0.0,0.024283016941133908,-0.16608144695330643,-0.4717254798212516,-0.5144585074425453,0.3897674903028252,0.3077841028135622,-0.1414259090747842,0.018476329101913273,-1.05101371631207,-0.6337109875092601,0.49006435565512574,0.531658639820759,0.04249280595297617,-0.1697043215289581,0.25332496235309837,-0.07051511598408737,0.01833829797231913,0.07964541846873743,-0.0053218711406459425,0.0399439322277673,0.10752534339132613,-0.17748189519529023,1.111261332436958,0.16490460014265831,0.0010677551493129378,0.0010686211005238512,0.0010669664953861433,0.0009736205525072678,0.0009598342294959872,0.001003805131868312,0.0040108295532016985,0.00399344676767412,0.004025553937379483,0.008726646259971648,0.008726646259971648,0.008726646259971648,-0.1771675448456659,-0.002086606565150557,10.60318201329824,2.96691195792346,-9.236459809000824,0.11801371290469044,0.018209789011842264,-0.0036228745756516634,0.72505044217435,0.4313069884617052,-0.3793039104692082,-0.2389207706358057,-0.011075799380590494,-0.024898234511898765,-0.5466750495678305,-0.06915559056829922,0.022902515887116056,-0.051055930682339545
19.30562906265259,0.053568605333566666,-0.14480608701705933,0.800000011920929,0.0,0.0,0.13075917959213257,0.0,0.0,0.0,0.0,0.0,0.0,0.01708778388825952,-0.1651977083585724,-0.5252088083240023,-0.5409915509571785,0.4030268938472321,0.33701663516831426,-0.14638341304018723,0.016873214687447437,-1.0883194237979257,-0.5727364139380652,-0.06371654733526444,0.5279961297307717,0.04304332563148387,-0.16749118992710174,0.25847638406758416,-0.08131033154272448,0.07488768871685801,0.0860111949438729,0.027591805342810704,0.048226927083285145,0.09847701338285432,-0.18547396706956176,1.1250837145651924,0.16902479683852373,0.0010686526586575276,0.0010691658934308852,0.0010672443609528748,0.0009639797941927125,0.0009508826080114387,0.0009924803310604451,0.004011132086804707,0.003996439159301181,0.004027340147205084,0.008726646259971648,0.008726646259971648,0.008726646259971648,-0.14432654234415576,0.0010014601430310527,10.64342121344906,3.1285239722286184,-10.27417986903642,0.06532443431494356,0.025955541743224352,-0.0022934815685293486,0.7836851923915864,0.4540243975610602,-0.3376900305923402,-0.24853603845645308,-0.010525279702082793,-0.022685102910042415,-0.5415236278533448,-0.076226775316482,0.0800218868265905,-0.04461486368478945
19.35562906265259,0.053568605333566666,-0.14480608701705933,0.800000011920929,0.0,0.0,0.13075917959213257,0.0,0.0,0.0,0.0,0.0,0.0,0.009685726890241867,-0.16439026540117643,-0.5805071232008572,-0.5589108537409462,0.38860407044304573,0.3728361403188377,-0.14969886688051473,0.015424503608390682,-1.1236131712762403,-0.5036812396516122,-0.6693834533274352,0.521699155711297,0.04507841332022464,-0.16492972015499988,0.2631482523676192,-0.09132524155545553,0.1236947184375154,0.09254876505190864,0.052604113138259946,0.053728294612922216,0.08853827351088674,-0.15706880944391574,0.8621354158774904,0.14678362131333794,0.0010697637379534944,0.0010696750023428659,0.0010681670492122318,0.00095528047003049,0.0009427116711997666,0.000981847041421212,0.004009900944813192,0.003998452558605043,0.0040253623857408926,0.008726646259971648,0.008726646259971648,0.008726646259971648,-0.13991507498386316,-0.01051007464608731,10.675253006631173,3.0888230879479996,-9.414540040036082,0.17301315183650584,0.03539268642998278,-0.0005394547538234429,0.8436553755684764,0.47048371652448356,-0.2758643778643931,-0.26417611378478106,-0.008490192013342023,-0.02012363313794055,-0.5368517595533098,-0.08302406541393115,0.129358498222306,-0.03795283846614667
19.405629062652586,0.053568605333566666,-0.14480608701705933,0.800000011920929,0.0,0.0,0.13075917959213257,0.0,0.0,0.0,0.0,0.0,0.0,0.002123411534408744,-0.16366964741621975,-0.6375303357101462,-0.5673438435296465,0.3463921001045392,0.41547076370179165,-0.15279374735282739,0.013400215789878146,-1.1573153290954468,-0.43661110957919486,-1.2320683678695485,0.5207866175679005,0.048362494949661404,-0.16215827068413746,0.2673415764447111,-0.09957965889102165,0.1699673600413507,0.09817206332626645,0.07816747520306509,0.05639031217844325,0.07862946245784412,-0.11108236385312041,0.927102711863231,0.1494237019681137,0.0010707894805159178,0.0010699495282127205,0.0010694218265029144,0.0009474799206963914,0.0009352535600027559,0.0009719943151824359,0.004006651642383629,0.0039986878869010724,0.004020551906382677,0.008726646259971648,0.008726646259971648,0.008726646259971648,-0.1403265148514965,-0.015176372408456413,10.717575840174419,2.8254023949991467,-10.738306455142368,0.1282461806443233,0.04623908341525266,0.0015113767320822924,0.9048719121548573,0.48255541965559984,-0.18849190176858957,-0.28595418444956827,-0.005206110383905262,-0.017352183667078136,-0.5326584354762178,-0.08823066765885908,0.17604669772685902,-0.032164234812223635
19.455629062652587,0.053568605333566666,-0.14480608701705933,0.800000011920929,0.0,0.0,0.13075917959213257,0.0,0.0,0.0,0.0,0.0,0.0,-0.005594162144875099,-0.16305607669439162,-0.6961857525684705,-0.5656577519503503,0.27586752315240454,0.4651486158514381,-0.15590919981852192,0.011142613083247006,-1.1889013452374932,-0.38271201415421563,-1.8609416031670172,0.5176357308648948,0.05269981995646797,-0.15935537932222407,0.27093103328908025,-0.10480457608212265,0.21234437818184249,0.10275394890940714,0.09217505822276305,0.05497201693243188,0.06444296209885168,-0.04826185440875924,0.7111789241718158,0.10204198255003331,0.0010713192503775137,0.0010696846547205844,0.0010705290044231393,0.0009405031365896472,0.0009284241569596376,0.0009629329783706829,0.00400010998937383,0.0039954792710995704,0.004010785180521472,0.008726646259971648,0.008726646259971648,0.008726646259971648,-0.14345027561235202,-0.011064142692022737,10.761470318727355,2.3778392507751405,-9.61583160319264,0.2567223849027,0.05829398210134307,0.0037006973721675496,0.9671167858575507,0.49142595694742225,-0.07655129268315052,-0.31508265177828515,-0.0008687853770986964,-0.014549292305164746,-0.5290689786318488,-0.09067028898316375,0.21864802316513737,-0.027394008959817345
19.505629062652588,0.053568605333566666,-0.14480608701705933,0.800000011920929,0.0,0.0,0.13075917959213257,0.0,0.0,0.0,0.0,0.0,0.0,-0.013471413148394739,-0.1625502458207495,-0.7563656021357059,-0.55357032193288,0.17671534992958662,0.5218580497922315,-0.15918084032225924,0.009090621862437554,-1.218292637451893,-0.351191075940437,-2.4336910958669984,0.520908654374808,0.05755049211496687,-0.15671862014586987,0.27378255779796723,-0.10849959738487434,0.2456731199749269,0.10540328641649177,0.10174840332682185,0.04994661430230753,0.049437009494967946,-0.05397209783365237,0.6159070182925805,0.0713558650067564,0.0010709392906068187,0.001068576432908108,0.0010709562187592569,0.0009342464829247755,0.00092219589565124,0.0009546933643279062,0.003989591794967647,0.0039879691436625515,0.00399658801981882,0.008726646259971648,0.008726646259971648,0.008726646259971648,-0.12904581210924307,0.0015774856960052053,10.813000834452613,2.585084501865124,-9.590126582807773,0.31265415600211227,0.0710219052633616,0.005831625674879631,1.030148159933673,0.49492142989338356,0.05595091481580445,-0.35504883396175996,0.003981886781400205,-0.011912533128810548,-0.5262174541229617,-0.09217656522747635,0.2521256428055095,-0.024569496414451455
19.55562906265259,0.053568605333566666,-0.14480608701705933,0.800000011920929,0.0,0.0,0.13075917959213257,0.0,0.0,0.0,0.0,0.0,0.0,-0.021494240597722362,-0.16213121247266282,-0.8179506031690048,-0.5304715858514645,0.050376482651734215,0.5848779724473426,-0.1617322576508411,0.0076707120610295075,-1.2451074038800298,-0.30930787517215913,-3.0051553375477362,0.5269781664396919,0.06275585294886188,-0.15440585081094793,0.2758374861268485,-0.11111434008329059,0.2702218193617662,0.10707986592282237,0.10619873969758031,0.04199887400582703,0.03338962697831714,-0.0018869351148801024,0.44680088115050826,0.0437203024297134,0.001070669409697449,0.0010677438846191753,0.0010715940145928856,0.0009286438229735758,0.000916520899437541,0.0009472863740958627,0.003980876544486012,0.003981677084056213,0.003983913339240521,0.008726646259971648,0.008726646259971648,0.008726646259971648,-0.12531662468245824,0.01155730439559658,10.876719235437143,2.2054552782475523,-8.772607959228548,0.3716826880882555,0.08425009354658425,0.007725361661714891,1.0937880892958534,0.49157670270304127,0.20770013590050165,-0.4051631735958745,0.009187247615295213,-0.009599763793888605,-0.5241625257940805,-0.09317965002140308,0.2767765382283266,-0.022748385777853642
19.60562906265259,0.053568605333566666,-0.14480608701705933,0.800000011920929,0.0,0.0,0.13075917959213257,0.0,0.0,0.0,0.0,0.0,0.0,-0.0296399774291956,-0.16177069984127204,-0.88079669452248,-0.49547643878452546,-0.10207367650323838,0.6532543023619068,-0.1640972156080837,0.006749793194601037,-1.26873625025894,-0.2864061355847601,-3.5357436480495124,0.5359991051088829,0.06809209034693024,-0.15256133294399593,0.27717298805372365,-0.11037422208072256,0.288881927407258,0.10817518400062988,0.10446730477236484,0.031109150922030898,0.0203436976096819,0.06847242604696632,0.24563198680262188,0.03851110971779845,0.0010697848189063753,0.0010665372270518168,0.0010715849060756203,0.0009237183565251133,0.0009113798503443785,0.0009407584809231964,0.003971527376057973,0.003973804494779241,0.003971220123536703,0.008726646259971648,0.008726646259971648,0.008726646259971648,-0.11635997001391953,0.032100169835767155,10.928581252653773,1.5637601210783008,-7.366538268219636,0.39079059783043274,0.09773206777612584,0.009209366897276111,1.1579696825762036,0.48288770568103423,0.37952222469942504,-0.4643996919459221,0.014523485013363577,-0.007755245926936605,-0.5228270238672053,-0.09122173892755676,0.29533614568316763,-0.02154091551994055
19.655629062652586,0.053568605333566666,-0.14480608701705933,0.800000011920929,0.0,0.0,0.13075917959213257,0.0,0.0,0.0,0.0,0.0,0.0,-0.0378927663401947,-0.16143055457140248,-0.9447594006733753,-0.4492040364393152,-0.27829001285814764,0.7253181107974741,-0.16601434083189925,0.006856017600181103,-1.2897719957770173,-0.2955891538558234,-3.996028474000809,0.5459754392651822,0.07298439345546294,-0.15133676958130163,0.27795054234004224,-0.10521448181961394,0.2935301232572794,0.10882803674564845,0.08956034566719766,0.017264560696083734,0.01190860429934617,0.1395780445336432,-0.06160051620355041,0.027195261327533735,0.0010693815616972992,0.0010661151472644973,0.0010718756594328418,0.0009192796080878865,0.0009067018499073549,0.0009350943357208878,0.00396761162109312,0.003969870300471927,0.003964270654678259,0.008726646259971648,0.008726646259971648,0.008726646259971648,-0.08145827775151915,0.05799427376559576,10.970788822944431,0.9373479604982605,-5.03818062671834,0.32921928255935906,0.11087715979565764,0.010093784990100857,1.2227099430134176,0.4667763347627776,0.5607796997452313,-0.5345743416897673,0.019415788121896274,-0.006530682564242302,-0.5220494695808867,-0.08577129854152603,0.2996331085097523,-0.02087064707943363
19.705629062652587,0.053568605333566666,-0.14480608701705933,0.800000011920929,0.0,0.0,0.13075917959213257,0.0,0.0,0.0,0.0,0.0,0.0,-0.04619778439705717,-0.16105273045134164,-1.0097211346373156,-0.39329249780976006,-0.4744027016347086,0.7985071201778013,-0.16618638144259487,0.008256947202252625,-1.308697362780563,-0.33609278015588984,-4.339895417877072,0.5528732076579285,0.0769130798183774,-0.1509161090225034,0.27847958550324065,-0.09673524266982361,0.28232148199386986,0.10986064265587496,0.06643753205429347,-0.0011117196674345106,0.009768577560535006,0.14992339293431428,-0.39306882031954926,0.035665436806156824,0.00106961401622582,0.001066639661401403,0.0010725034308116381,0.0009153146138561178,0.0009025152719397199,0.00093031713626277,0.003969842360972462,0.003970677757361646,0.003964990652804851,0.008726646259971648,0.008726646259971648,0.008726646259971648,-0.04446791792962181,0.06551262058168804,10.983731644257393,0.6220695554411654,-2.372853238258255,0.3369715707197268,0.12311086421543457,0.010136621428838227,1.2882007201405563,0.4405320520370805,0.7456817109988706,-0.6131607534285916,0.023344474484810737,-0.006110022005444082,-0.5215204264176883,-0.0780453423673621,0.28789698804055963,-0.019927259758409727
19.755629062652588,0.053568605333566666,-0.14480608701705933,0.800000011920929,0.0,0.0,0.13075917959213257,0.0,0.0,0.0,0.0,0.0,0.0,-0.05446516653467705,-0.1605954619176571,-1.0756129584247922,-0.32987215495897154,-0.6850461047622298,0.8698004462171959,-0.1645089040621956,0.010033794145128765,-1.3269755887184607,-0.39236032670881127,-4.550495992330329,0.5601585904586931,0.07965552084183086,-0.15145713411863593,0.2789295374466991,-0.08730700140122104,0.26109775659611695,0.11140096103486531,0.041759575925125456,-0.020526442445749055,0.00761399298306643,0.1596925815884598,-0.5377426299096091,0.0368016055728932,0.0010693138374028388,0.0010668929798914111,0.0010722605492079896,0.0009117802571237338,0.0008987643195060729,0.0009262385626257528,0.003972693773846891,0.003970951896684217,0.003967857259994129,0.008726646259971648,0.008726646259971648,0.008726646259971648,-0.013807857845181614,0.10215758629028483,10.98961149702017,0.47844133810914924,-0.5913352421962518,0.38203728450969826,0.1341206873765079,0.009138327799021184,1.3545424958714913,0.4034732084316051,0.9349151681242003,-0.6946187140342519,0.026086915508264197,-0.0066510471015766015,-0.5210704744742298,-0.07002667614520047,0.2661090910073063,-0.018531836282383963
19.80562906265259,0.053568605333566666,-0.14480608701705933,0.800000011920929,0.0,0.0,0.13075917959213257,0.0,0.0,0.0,0.0,0.0,0.0,-0.06261034972817142,-0.160003544829693,-1.14241134369321,-0.26074475384835405,-0.9053253017336796,0.9366474341329211,-0.1612984236775743,0.013642889373434773,-1.3449598220182195,-0.4558092841283336,-4.672020666980484,0.5696972589489563,0.08083314775273781,-0.1529932675959666,0.2792080005231258,-0.07625631045012178,0.2258781470262278,0.11334652511000481,0.003001280622310769,-0.041306387863051866,0.003559864503756766,0.1998551637031797,-0.9373768078090394,0.025350594744367298,0.0010684463315122972,0.001066756815964104,0.0010711011583436941,0.00090860719319287,0.0008954187430065805,0.0009228080545549352,0.003974934313445228,0.003969506554884464,0.003971658908812394,0.008726646259971648,0.008726646259971648,0.008726646259971648,0.040497459381628235,0.12351986992270796,11.008847899785279,0.004421090692365654,3.434978489111473,0.3843789008642338,0.14344349748090923,0.0070102772337264085,1.4216193442163356,0.3538851403602475,1.119788212750522,-0.7760291903551801,0.027264542419171145,-0.008187180578907272,-0.5207920113978032,-0.061303796411429114,0.23025633026336279,-0.01679318301746614
19.85562906265259,0.053568605333566666,-0.14480608701705933,0.800000011920929,0.0,0.0,0.13075917959213257,0.0,0.0,0.0,0.0,0.0,0.0,-0.07052712725590121,-0.1592044701257731,-1.2100848951231593,-0.18918330733940525,-1.1289798061254974,0.9962290307896476,-0.15537267743161248,0.01832009878336195,-1.3619822351797228,-0.5429592539186954,-4.592229655065251,0.5793530082569462,0.07986534900303731,-0.15561960829360008,0.2793560566372586,-0.06227016157730392,0.17213774874293308,0.11483769231668295,-0.03775411319660426,-0.06357855439693118,0.00369821695480971,0.22410877119557604,-1.0460606464102464,0.014684653755332218,0.0010678883433674013,0.001066989111300313,0.0010699283523146455,0.0009057291141262695,0.0008924520469555343,0.0009199149411758113,0.003979107824112751,0.003969869044046732,0.003978654546573842,0.008726646259971648,0.008726646259971648,0.008726646259971648,0.10008560214536295,0.14850161512963794,11.009715950045676,-0.3367907328526318,4.882278715006709,0.37702838180573633,0.15039247625893853,0.0035848618321730197,1.489440951760418,0.29080795170719165,1.289716891623871,-0.8537883779691514,0.026296743669470643,-0.010813521276540755,-0.5206439552836704,-0.05086330436943786,0.1757431254960489,-0.015556410028688027
19.905629062652586,0.053568605333566666,-0.14480608701705933,0.800000011920929,0.0,0.0,0.13075917959213257,0.0,0.0,0.0,0.0,0.0,0.0,-0.07807313229287771,-0.15814030776984822,-1.2786084821483537,-0.11913455016762338,-1.3504154772495849,1.0458238220278322,-0.14646752404746452,0.024246395453635224,-1.378961245828205,-0.6471698148862999,-4.440073631855265,0.5886412316120107,0.07712532132103161,-0.15932179120935563,0.2796234254197222,-0.0494981503920046,0.1171081326393866,0.11644733783412797,-0.07339535158417958,-0.0840012882864874,0.006969191755721947,0.17799470582945073,-1.2037344700927042,0.01779077471904346,0.0010667860145543943,0.0010666200158251226,0.0010680413049902568,0.0009031739041857417,0.0008898295789715233,0.0009172629310718791,0.003980458949850566,0.003967918339428659,0.0039831880135572685,0.008726646259971648,0.008726646259971648,0.008726646259971648,0.12897181940743407,0.17726246283068625,10.993319838466885,-0.14629637180828767,7.329204702356802,0.32265868845155565,0.15519845361390933,-0.0011814834395074136,1.558231907568076,0.22246696589452866,1.4565132072267053,-0.9185380628441142,0.02355671598746495,-0.014515704192296308,-0.5203765865012068,-0.04171810003311554,0.12002484761623587,-0.014135785674258342
19.955629062652587,0.053568605333566666,-0.14480608701705933,0.800000011920929,0.0,0.0,0.13075917959213257,0.0,0.0,0.0,0.0,0.0,0.0,-0.08513777188906974,-0.1567438795207833,-1.3480015148454503,-0.05344761415536059,-1.5655097877507154,1.083641095701066,-0.13611805980021233,0.031610734508961354,-1.396760062055628,-0.7418556578016945,-4.165571309277762,0.5952109702993666,0.07255931728128273,-0.16395334020333288,0.28010992655576683,-0.038775544983846846,0.05611531842911479,0.11735338414400079,-0.11047806907615794,-0.10016339645950202,0.01233019686836579,0.12707837682088702,-1.3237866282993596,-0.005284488723662163,0.0010664621090201837,0.0010668647570567747,0.0010668860384071273,0.0009009120186692698,0.0008875357897238722,0.0009148166383623152,0.003983643142443897,0.003968558262453109,0.003989598460128329,0.008726646259971648,0.008726646259971648,0.008726646259971648,0.1596421421412651,0.19630340043353928,10.966909303429142,0.03580594571782268,9.503576962388792,0.32454564735377917,0.15769708917035247,-0.007209460682549573,1.628111441401217,0.14877396429418144,1.6127336309176035,-0.9668406214543358,0.018990711947716066,-0.019147253186273555,-0.5198900853651621,-0.035006673566616124,0.05849559226536587,-0.013355132667275088
20.005629062652588,0.053568605333566666,-0.14480608701705933,0.800000011920929,0.0,0.0,0.13075917959213257,0.0,0.0,0.0,0.0,0.0,0.0,-0.09164660036948186,-0.1549554331469485,-1.4183175015227154,0.004524097798095181,-1.7689927809564845,1.1084772474053712,-0.12423507941626857,0.03992712044443015,-1.4158794050349381,-0.8274363848407834,-3.782350373698659,0.6018750569318339,0.06616098967751267,-0.16926479851310283,0.2808617042925668,-0.029658776644868958,-0.00666909641973828,0.11739517888572565,-0.1440568553176292,-0.11137283461799616,0.018230386315030926,0.08413309835091086,-1.2173083629459753,-0.02107535338535433,0.0010671913927090275,0.0010679112959041598,0.00106686335870493,0.0008989426964556398,0.0008855587414553215,0.000912507711187968,0.003988972583790724,0.003972537469747443,0.003997429223892214,0.008726646259971648,0.008726646259971648,0.008726646259971648,0.19462331890943343,0.2208284327604815,10.943298603694705,0.373424103349173,9.854439232722411,0.4136614820048917,0.15780759004699452,-0.01430936536615432,1.6991792058152821,0.07661442227653713,1.7567233622336307,-0.9966581416963207,0.012592384343946009,-0.024458711496043506,-0.5191383076283622,-0.03001410286847806,-0.0047144769827045995,-0.013353938191830061
20.05562906265259,0.053568605333566666,-0.14480608701705933,0.800000011920929,0.0,0.0,0.13075917959213257,0.0,0.0,0.0,0.0,0.0,0.0,-0.09751755335973657,-0.15272051118593158,-1.489618968723614,0.05237800810091357,-1.9578426540516287,1.1202373350051784,-0.11060304019391637,0.049469757996246075,-1.4361792830009703,-0.8961362039983046,-3.381586324602874,0.6129949352968568,0.05802615305483154,-0.17502058376561883,0.28191074922980397,-0.02262922762955622,-0.07195898944881118,0.11697539224583135,-0.18085689354851942,-0.11803939695122354,0.023330503659988126,0.025965177703483184,-1.3811914757822081,-0.04429251095831341,0.001068265346211717,0.0010690055546808976,0.0010673699484597878,0.000897253932116623,0.0008838563221407249,0.0009102909354892133,0.00399251524720381,0.003976027986576853,0.004003139864209149,0.008726646259971648,0.008726646259971648,0.008726646259971648,0.22392010108310073,0.22839507546141527,10.924111370119048,0.7347727811708545,12.329077571133707,0.40424976104540483,0.1555437064145681,-0.022300072579687247,1.7715297179534182,0.009570499961036014,1.884907360609639,-1.00671784588037,0.004457547721264873,-0.0302144967485595,-0.518089262691125,-0.027266832231385044,-0.07028725437623383,-0.013721823249769958
20.10562906265259,0.053568605333566666,-0.14480608701705933,0.800000011920929,0.0,0.0,0.13075917959213257,0.0,0.0,0.0,0.0,0.0,0.0,-0.10267028341115657,-0.14999899904394767,-1.5619594138647839,0.08738960713717356,-2.1285171063583577,1.1192706425515933,-0.09550616186288079,0.05939072768310869,-1.4574385226457853,-0.9467685892647415,-2.857090358586522,0.6236442276139054,0.048143810937744475,-0.18100843978317738,0.2831355081867447,-0.017579866918669404,-0.13989294530282537,0.116045839269003,-0.21275464406560676,-0.1209389502277033,0.025321858720048322,0.0017340336494751885,-1.2825028681221113,-0.025235963228330296,0.001067043910130792,0.0010675063289394108,0.0010658218040092927,0.0008957917245639302,0.0008823731227570066,0.0009080687915731462,0.0039821680156302474,0.003967157810604131,0.003994015458513513,0.008726646259971648,0.008726646259971648,0.008726646259971648,0.2551634820299297,0.23673743787906373,10.937189610768838,0.9259998404420434,12.821012638917134,0.3967242360586843,0.15081409434890103,-0.031009440739229704,1.8450949220515285,-0.04815924168510027,1.9932692709277078,-0.9978111317173456,-0.005424794395822191,-0.03620235276611805,-0.5168645037341842,-0.026667171935027528,-0.13836890976951483,-0.014496810955090726
20.155629062652586,0.053568605333566666,-0.14480608701705933,0.800000011920929,0.0,0.0,0.13075917959213257,0.0,0.0,0.0,0.0,0.0,0.0,-0.10702911531984095,-0.1467710104645988,-1.6353464731873772,0.10663852327403826,-2.2772760071762463,1.1059561785000425,-0.07884711448450492,0.069728815490853,-1.4780438502581092,-0.9878396215676158,-2.3079976391810377,0.6339172436816172,0.036890734616443446,-0.18702897084715456,0.2844596476786427,-0.014747626520020504,-0.20063620756356623,0.11560046879886497,-0.2371832104984278,-0.11909605215471922,0.027682988097431596,-0.040238832535944985,-1.170935713209473,-0.013096804731621593,0.0010656248976968984,0.0010655570663729375,0.001064379119116082,0.0008945150181980272,0.0008811207361992999,0.0009058743923887871,0.003967896701728269,0.003955620061880861,0.003979622464890466,0.008726646259971648,0.008726646259971648,0.008726646259971648,0.28678518101032263,0.24444436014144771,10.944398638382529,1.306495079272937,13.214420554268457,0.3688184315011996,0.1439198499362844,-0.040257960382555746,1.91980612086602,-0.08654627271538899,2.086138472377102,-0.9736572323981585,-0.01667787071712322,-0.04222288383009523,-0.5155403642422862,-0.02780898709478523,-0.1991344758019087,-0.014717719962836077
20.205629062652587,0.053568605333566666,-0.14480608701705933,0.800000011920929,0.0,0.0,0.13075917959213257,0.0,0.0,0.0,0.0,0.0,0.0,-0.11051546773588133,-0.14301648384203453,-1.7097547876060748,0.10892608773870258,-2.4024767030488627,1.0813449808087734,-0.06060698215710819,0.08045224941171725,-1.4982887264897502,-1.0098858919289482,-1.7392345240079479,0.6427949695214554,0.024473131346326952,-0.19286894834853197,0.285793006945607,-0.014537371872871829,-0.2583742081238974,0.1157551397389233,-0.2575315855353065,-0.11388278262840029,0.024059116076739554,-0.08927937389914002,-1.080813903382249,0.00984977592537016,0.001064995084728287,0.0010642285969353817,0.0010640360110976245,0.0008934767370088877,0.0008800956962029941,0.0009037810007337607,0.003955770401714164,0.003947086647080349,0.00396635369134693,0.008726646259971648,0.008726646259971648,0.008726646259971648,0.315320323425201,0.24762148762299532,10.97597772597266,1.7474204864995775,13.46587898395734,0.2780073954194913,0.13498859908220828,-0.04985246450649744,1.9955477945516817,-0.10617183630879881,2.1579662162983797,-0.9360887315211751,-0.029095473987239714,-0.04806286133147264,-0.514207004975322,-0.03136931065732982,-0.2567302649286008,-0.014274023438991803
20.255629062652588,0.053568605333566666,-0.14480608701705933,0.800000011920929,0.0,0.0,0.13075917959213257,0.0,0.0,0.0,0.0,0.0,0.0,-0.11305414460753326,-0.13872181411407508,-1.7851358719768669,0.0939011700016814,-2.5023474902933214,1.0469778338821163,-0.04094009270896753,0.09133453970665888,-1.5169546483418845,-1.0098858919289482,-1.1578984873504137,0.6471321435572083,0.011324015938397563,-0.19835025251061378,0.28672902340971973,-0.016717927603340777,-0.30664954575413006,0.11709396028991524,-0.2661231292666549,-0.10457810987962829,0.012987435600118433,-0.10340557451490973,-0.8167834930052668,0.04921352525050842,0.001065301044029589,0.001063785621018471,0.0010648890849993878,0.0008926074814811074,0.0008792836793147101,0.0009018629413359984,0.003948197861453325,0.003943355334208005,0.003956068398808712,0.008726646259971648,0.008726646259971648,0.008726646259971648,0.32022599120246037,0.24223688694178008,11.062809717592085,1.9276684147111849,12.284163433244304,0.21537597589633545,0.12437816054593082,-0.0596284383965387,2.071864895386587,-0.10307492540470879,2.212149930957193,-0.890610764250669,-0.042244589395169105,-0.05354416549355445,-0.5132709885112092,-0.03669562630360484,-0.30472839261445606,-0.012636664237917377
20.30562906265259,0.053568605333566666,-0.14480608701705933,0.800000011920929,0.0,0.0,0.13075917959213257,0.0,0.0,0.0,0.0,0.0,0.0,-0.11460334492205657,-0.13388976062222005,-1.8613417124507412,0.06284717717011762,-2.576826454289166,1.0045174333779412,-0.021027919871963893,0.10194759996753974,-1.5312789706130476,-1.0008734955183676,-0.6356482282285323,0.6483377466168032,-0.002025544323749572,-0.20325813077484087,0.28711728967702593,-0.019808721503028464,-0.342598622918799,0.11973328017488395,-0.26601016071694394,-0.09104584664838071,0.0027125442563776824,-0.07151864339285971,-0.590720994340679,0.06534225821359554,0.0010665129281377432,0.0010643219404524841,0.0010668137207042842,0.0008919160342907322,0.000878692558797462,0.0009002577474257259,0.003946276746673099,0.003944841836296255,0.003951094677888615,0.008726646259971648,0.008726646259971648,0.008726646259971648,0.32107667217761865,0.23407042571792003,11.157729793472553,1.7902676855269506,11.221212123473954,0.15557158820483175,0.11257780059830699,-0.06936837015262082,2.148459002127767,-0.07752552504730192,2.2504758478736493,-0.8427011007410998,-0.05559414965731624,-0.05845204375778154,-0.512882722243903,-0.04212409986818233,-0.34036804241505475,-0.009741104249626188
20.35562906265259,0.053568605333566666,-0.14480608701705933,0.800000011920929,0.0,0.0,0.13075917959213257,0.0,0.0,0.0,0.0,0.0,0.0,-0.11515587324351073,-0.12853726219385078,-1.9381451189433232,0.018205165748899445,-2.627627468646767,0.9550113078232754,-0.0010732129862023425,0.1121523371672276,-1.540857289090187,-0.9987311355669989,-0.16654553459516908,0.6465531302918229,-0.015187125544555912,-0.20745373959303903,0.28701927126585547,-0.022912273304941205,-0.3675336719751437,0.12309327738304562,-0.25833188322048084,-0.07647499864247874,-0.006424611953755856,-0.08786390167379411,-0.3860735419934425,0.0798718080683834,0.0010672486334485163,0.0010645534598111895,0.0010683173328558612,0.0008913915075002811,0.0008782947418624786,0.0008990068942105766,0.003944602047724056,0.003945757544654276,0.0039461848009897564,0.008726646259971648,0.008726646259971648,0.008726646259971648,0.31324558500829325,0.22970966909783436,11.257226018034368,2.0351750068393515,9.914564798789026,0.10323949221257456,0.09996874769895482,-0.07891647739918825,2.2251643902091787,-0.03373561676868146,2.2735399093769315,-0.7944565511251845,-0.06875573087812258,-0.0626476525759797,-0.5129807406550735,-0.04684548811999527,-0.3650183856395223,-0.00618608518785934
20.405629062652586,0.053568605333566666,-0.14480608701705933,0.800000011920929,0.0,0.0,0.13075917959213257,0.0,0.0,0.0,0.0,0.0,0.0,-0.11472045507963853,-0.12267997785127266,-2.0153030710790545,-0.037160092969151466,-2.6566022234362507,0.8995796984483827,0.018489939541091543,0.12213903653591046,-1.5454607963392355,-0.984343409550011,0.23722479280391812,0.6421519091672301,-0.02766303442399869,-0.2108597991461859,0.28652620779807325,-0.026926451979048374,-0.37993618187136247,0.12706463693932424,-0.23914993265060178,-0.05928194253622838,-0.012573475317635143,-0.08165678183220525,-0.10264887360450485,0.10074716630888962,0.0010672469286595375,0.0010642900306769133,0.0010690283198350158,0.0008910376246654376,0.0008780884598398046,0.0008981908408065811,0.003942335159469548,0.0039447950396391835,0.003940981450011918,0.008726646259971648,0.008726646259971648,0.008726646259971648,0.29933355891802926,0.22148354474618046,11.342437582373885,2.0703136787730254,7.960803456256728,0.043867664098467825,0.08705742065563984,-0.08817982129491325,2.3018292788771277,0.025312951850375427,2.285481625844307,-0.7454504177154965,-0.08123163975756535,-0.06605371212912658,-0.5134738041228557,-0.05165603431667473,-0.3771077928338982,-0.0021111829439790096
20.455629062652587,0.053568605333566666,-0.14480608701705933,0.800000011920929,0.0,0.0,0.13075917959213257,0.0,0.0,0.0,0.0,0.0,0.0,-0.11332426932201438,-0.11633364119569953,-2.092584684121819,-0.09974306850865204,-2.666675565494882,0.8398735052821668,0.03735749076387361,0.13171442968701133,-1.5458037253713084,-0.9681987499363384,0.5433070530764177,0.6347820966369315,-0.03896231413785765,-0.21331477877213184,0.285862125957647,-0.032109127064507664,-0.3785530380575752,0.1320348363853555,-0.2114073328388742,-0.038109022482215905,-0.01305846765456826,-0.07974471316400619,0.14692605144536913,0.12595925247726225,0.001067453584916112,0.0010645186963501644,0.0010697874607497907,0.0008908653143475541,0.0008780890265602287,0.0008978833941776015,0.003943351849416218,0.003945802077461684,0.003939700678978917,0.008726646259971648,0.008726646259971648,0.008726646259971648,0.2806751844621026,0.20868392572965838,11.399264268082478,2.2475820906120867,6.050677577593527,-0.03616875827370675,0.07436195518415673,-0.09698113757643231,2.378446810079466,0.09689892337652596,2.290867539101447,-0.6952167471372066,-0.0925309194714243,-0.06850869175507251,-0.5141378859632819,-0.056730727040403696,-0.3753698122319993,0.002850817704875816
20.505629062652588,0.053568605333566666,-0.14480608701705933,0.800000011920929,0.0,0.0,0.13075917959213257,0.0,0.0,0.0,0.0,0.0,0.0,-0.11100802897132103,-0.109524534406342,-2.169812410259052,-0.16596893643396307,-2.6617683828189076,0.7776290061830127,0.05529212326385933,0.14064984188728608,-1.5433053201179514,-0.9431906697307125,0.7538830194157559,0.6234104629880242,-0.04867415765741239,-0.21461681251785947,0.2853045669973544,-0.03825434829645522,-0.3661592920820231,0.13787457326583608,-0.17573391675597727,-0.014102546895448253,-0.008494407584234481,-0.08070687849093756,0.3571556673947582,0.1464852376859016,0.0010673724336533903,0.0010647307065081535,0.0010700271599905103,0.0008909067553785787,0.0008782913180472786,0.0008980720819440665,0.003945454336349749,0.0039466691032146815,0.003940509722505038,0.008726646259971648,0.008726646259971648,0.008726646259971648,0.25224316147006887,0.18865649911755458,11.424020290397493,2.331536722617522,4.1773479383997145,-0.08891626318934354,0.06233387131390864,-0.10509227811151747,2.4551169772564063,0.17626347608397058,2.291361766972021,-0.6428479025362871,-0.10224276299097906,-0.06981072550080014,-0.5146954449235746,-0.062045259145508624,-0.36258756079471316,0.008594254516927531
20.55562906265259,0.053568605333566666,-0.14480608701705933,0.800000011920929,0.0,0.0,0.13075917959213257,0.0,0.0,0.0,0.0,0.0,0.0,-0.10783059702436842,-0.10229369129023584,-2.246884271105723,-0.23282197526376497,-2.645983104556533,0.7146651473050203,0.07180515461424333,0.14858388275695564,-1.5395691137488436,-0.9139848579248149,0.8707925037954021,0.609401454093335,-0.056435412995434475,-0.2147277404195455,0.2850551867632622,-0.04357283051590171,-0.34426723513207,0.14315121624871677,-0.13378690699629653,0.009686989899615988,-0.0014313315137762137,-0.012379055385903498,0.5345737305703706,0.10852313738958555,0.0010671261595730347,0.001065000533970615,0.0010698297637431623,0.0008911758892958985,0.0008787011369443161,0.0008987462490043631,0.0039486710632571234,0.003947696349950069,0.003943470546149441,0.008726646259971648,0.008726646259971648,0.008726646259971648,0.21719101022985055,0.16304399079916546,11.447187353767513,1.7956337961524333,2.311081175112446,-0.015855803038299785,0.05139518402893395,-0.11243404912930967,2.531939457868985,0.2585918092403885,2.2898177287250423,-0.5903576663045342,-0.11000401832900114,-0.06992165340248618,-0.5149448251576667,-0.06591527805153699,-0.34039330673955576,0.013705558035780233
20.60562906265259,0.053568605333566666,-0.14480608701705933,0.800000011920929,0.0,0.0,0.13075917959213257,0.0,0.0,0.0,0.0,0.0,0.0,-0.10387132869894689,-0.0946981617660442,-2.323740362804726,-0.298427143663043,-2.623997644323837,0.6516981233688682,0.0865655784026164,0.15523729821070573,-1.534674554211235,-0.9115741924421721,0.8943886500106836,0.5990454682061981,-0.061982764246311536,-0.21367649296108648,0.2851696864068362,-0.046000633145619925,-0.31278464571045045,0.14769363169706948,-0.08789744950847868,0.03157712414052183,0.006139626259532948,0.02475837102040072,0.7161718077529003,0.11146802184631,0.0010666509293437328,0.0010651867496272443,0.0010691264594059233,0.0008916772659773895,0.0008793184366128689,0.0008998962250797397,0.003952206248274192,0.0039485841437555975,0.003947711237411371,0.008726646259971648,0.008726646259971648,0.008726646259971648,0.17913992731040967,0.1381701377050097,11.454332074749772,1.5225051873243365,0.43663952857357424,-0.055136090965104585,0.04188856445263535,-0.11897833119504228,2.608910049211562,0.3426861040527931,2.2908524586110706,-0.5393531833068993,-0.1155513695798782,-0.06887040594402716,-0.5148303255140927,-0.06627754085070586,-0.30883154384578165,0.01802429417018915
20.655629062652586,0.053568605333566666,-0.14480608701705933,0.800000011920929,0.0,0.0,0.13075917959213257,0.0,0.0,0.0,0.0,0.0,0.0,-0.09922160303775633,-0.08680105378553331,-2.400342795625616,-0.3617345990200697,-2.600773128128676,0.5889094467924693,0.09942344804501649,0.16064702100974762,-1.5294227586245137,-0.9228199574009335,0.8242627138990251,0.5867254679227217,-0.06516109912085129,-0.2116460108184723,0.2857271619664944,-0.04898087803515673,-0.27355113314435203,0.15290452514078576,-0.039039322821577065,0.049422070844973895,0.016579268819297003,0.005503527535676984,0.8532977923976559,0.1311719725789168,0.0010656226722406403,0.001064869613559202,0.0010676284903247937,0.0008924182536772486,0.0008801552784348661,0.0009014668782341244,0.003954078006909884,0.00394766065858293,0.003951271966422836,0.008726646259971648,0.008726646259971648,0.008726646259971648,0.14329692460918084,0.12043110874923554,11.443388875483171,1.65901765340525,-1.4379301704952077,-0.1314460119943715,0.034060503916905044,-0.124844957032939,2.6860699575921103,0.4277773810466238,2.298140258283944,-0.484012373581331,-0.11872970445441795,-0.06683992380141299,-0.5142728499544346,-0.06668412343690801,-0.26950784554630314,0.022987088138132182
20.705629062652587,0.053568605333566666,-0.14480608701705933,0.800000011920929,0.0,0.0,0.13075917959213257,0.0,0.0,0.0,0.0,0.0,0.0,-0.09397378764782194,-0.07865563345126447,-2.4766963176662578,-0.421843171887548,-2.581016101245649,0.5275390657648343,0.11048916755235602,0.16516979236100118,-1.5247181230011222,-0.9272400990556499,0.6604082928339212,0.5705899715877811,-0.06586741761771568,-0.20873625747765656,0.28679324246694016,-0.05409681933294434,-0.22716645272666697,0.15788350086652084,0.010632626537988946,0.06716327370493587,0.02575598604727343,-0.02924602292725555,0.9834568215063041,0.1285769233120743,0.001065403831566517,0.0010653201865713936,0.0010667565686693623,0.0008934209490792383,0.0008812425496229016,0.0009034217727018839,0.003959475796309836,0.003950561883387185,0.003959038664772349,0.008726646259971648,0.008726646259971648,0.008726646259971648,0.1089575032541881,0.10031363163819354,11.440496844653266,1.9381886060200124,-3.3189396738090573,-0.12394402877329852,0.028106370030106256,-0.1300806240263921,2.763489560133198,0.5111279307911902,2.3161601053448124,-0.42290499074356824,-0.11943602295128235,-0.06393017046059724,-0.5132067694539888,-0.06875307566747782,-0.22292101754626256,0.02771842160597375
20.755629062652588,0.053568605333566666,-0.14480608701705933,0.800000011920929,0.0,0.0,0.13075917959213257,0.0,0.0,0.0,0.0,0.0,0.0,-0.08821561055921431,-0.07030922139582176,-2.5528182229642677,-0.4782773392368645,-2.5692819568032905,0.4697327796167048,0.11983791599194589,0.16868668985670263,-1.5201580889192259,-0.917701693079628,0.4025033966031235,0.5548295744138941,-0.0641066677335818,-0.20495984439078774,0.2883290731940044,-0.06067867723644173,-0.1754446863029171,0.16253223267771497,0.05938888163195096,0.08380965444228818,0.03636508031630298,-0.06325708072675945,1.0516826274500148,0.13200904450727083,0.0010660144893403665,0.0010664730527430771,0.0010666201817843112,0.000894711284607502,0.0008825912942777168,0.0009056967053228378,0.00396798326115528,0.0039572474798211825,0.00396996002571281,0.008726646259971648,0.008726646259971648,0.008726646259971648,0.06722762483637491,0.07735075578352883,11.433785129028877,2.2939196283921546,-4.768010756595527,-0.12580745721434916,0.024108942825632515,-0.134650622994966,2.841147296158272,0.5915636902936432,2.347296700707979,-0.3584992744599672,-0.11767527306714846,-0.06015375737372841,-0.5116709387269245,-0.0719349680488496,-0.17092399262779157,0.0321483760148151
20.80562906265259,0.053568605333566666,-0.14480608701705933,0.800000011920929,0.0,0.0,0.13075917959213257,0.0,0.0,0.0,0.0,0.0,0.0,-0.08204215839664944,-0.0618156680604123,-2.628720516202713,-0.531122925580788,-2.569599564021055,0.4178438307255378,0.12710017051064507,0.1710554435596708,-1.515933640618549,-0.8903767359849988,0.07214494623300127,0.5389760058179546,-0.05998623290539885,-0.20036725189856022,0.29050508022833765,-0.06940781158685792,-0.12313891730336717,0.16672322536586334,0.10486482549898062,0.09974045323669233,0.05103779236209462,-0.10708850056944358,1.0569458122593818,0.12251715610507963,0.0010666271197565765,0.0010674378620026085,0.001066493424741906,0.0008963030552874995,0.0008842123968090623,0.0009081973900365273,0.00397501424478517,0.003963188090476311,0.003979243611706253,0.008726646259971648,0.008726646259971648,0.008726646259971648,0.02225558124209074,0.052157504800099154,11.406676738243531,2.663180334254698,-5.799045174012281,-0.10703281423078058,0.022055925491250593,-0.13855158383814792,2.9192255964310507,0.6672397602354445,2.3907758294558787,-0.29290759335565253,-0.1135548382389655,-0.055561164881500896,-0.5094949316925913,-0.077219099446484,-0.11821038327455863,0.03618158936847249
20.85562906265259,0.053568605333566666,-0.14480608701705933,0.800000011920929,0.0,0.0,0.13075917959213257,0.0,0.0,0.0,0.0,0.0,0.0,-0.07556180856264247,-0.05323516860358372,-2.7044454725146063,-0.5808460966861608,-2.5849799054212594,0.37406393741676225,0.13211382284963,0.1721645347134675,-1.5130646118571396,-0.8445887435972421,-0.3097652250079594,0.5240611693711935,-0.053592951272404314,-0.19500366879175993,0.29346816312842583,-0.07950658496342708,-0.0683207841154642,0.17031455934844308,0.14997999983531707,0.11471550189990551,0.06771631011820402,-0.10289285302063883,1.0951200344731638,0.11026986735742371,0.00106701996597022,0.0010679537164583796,0.0010662439178513979,0.0008982039510610641,0.000886115801161744,0.0009109225807049723,0.0039789940483365115,0.003966828552613886,0.003985337788868134,0.008726646259971648,0.008726646259971648,0.008726646259971648,-0.02190877399644488,0.02417923815128422,11.365106920438391,2.793470571760955,-7.05821585434209,-0.08190627417095556,0.021968857290238154,-0.14176850018817622,2.997913635643032,0.7401365817926729,2.4509100324364907,-0.22936523309241372,-0.10716155660597099,-0.0501975817747006,-0.5065318487925031,-0.08370446178860629,-0.06290836699748302,0.039675004132841606
20.905629062652586,0.053568605333566666,-0.14480608701705933,0.800000011920929,0.0,0.0,0.13075917959213257,0.0,0.0,0.0,0.0,0.0,0.0,-0.0688859815557349,-0.04463418742237693,-2.7800789396606804,-0.6282218775292904,-2.6182757479046135,0.3403111263998561,0.13491925742668792,0.17187471253482342,-1.512274073985987,-0.7922862393341762,-0.7546339302653798,0.5104026599274247,-0.04514527939407043,-0.18896264603424034,0.2972706250214715,-0.0878324128998032,-0.016114875082834674,0.1730041766277152,0.18688033285390498,0.12612101659060468,0.08397907216463159,-0.05473339791506694,1.027769128035003,0.0903898250779457,0.0010680162425706985,0.0010688315899853396,0.001066777284785675,0.0009004445991897753,0.0008883123315142516,0.0009138352920147787,0.0039833835764368905,0.003971610459716681,0.0039908560417534645,0.008726646259971648,0.008726646259971648,0.008726646259971648,-0.057839434179731315,-0.002391999167063893,11.323686912541715,2.454407312143447,-7.55800443745426,-0.03408330989479529,0.02374070216166447,-0.1443284586118634,3.077349564682152,0.811155198470815,2.5255406216314045,-0.17554017341616865,-0.09871388472763709,-0.04415655901718102,-0.5027293868994575,-0.08859355220151442,-0.010329957717913325,0.042331796779816806
20.955629062652587,0.053568605333566666,-0.14480608701705933,0.800000011920929,0.0,0.0,0.13075917959213257,0.0,0.0,0.0,0.0,0.0,0.0,-0.062114796145203065,-0.03608091139674968,-2.8557246549230726,-0.674459879534068,-2.671895850558483,0.31737002959170524,0.13592815899458172,0.17025632849026193,-1.5135545365096683,-0.7569368980519822,-1.2244920646784407,0.499135298697463,-0.0349272166579974,-0.1824563952770813,0.3018435208422763,-0.09381916348948773,0.033463494866946206,0.17486814195404904,0.22100395543187418,0.1334247802357528,0.09868728478322489,-0.0051156347023515025,0.9328929031218253,0.06932550859099436,0.0010677645766372324,0.0010682356281500323,0.001066278811996432,0.000903028666075673,0.0008908065440991554,0.0009169669592674855,0.003980140424774906,0.003969459183438381,0.003988336360042376,0.008726646259971648,0.008726646259971648,0.008726646259971648,-0.09317137457248804,-0.01861918053099569,11.273642995336937,2.1264436593105125,-7.741538106304302,0.0012485310935470518,0.027187579487205668,-0.1463754838803316,3.157568175765349,0.883364624368148,2.61690834090053,-0.13404177239579593,-0.08849582199156406,-0.03765030826002197,-0.4981564910786527,-0.09132332902784457,0.03947432322623139,0.04421696404882179
21.005629062652588,0.053568605333566666,-0.14480608701705933,0.800000011920929,0.0,0.0,0.13075917959213257,0.0,0.0,0.0,0.0,0.0,0.0,-0.055337330581767485,-0.02762883855005542,-2.931496948208155,-0.7209140344505668,-2.747018336546417,0.30500091350186076,0.13517046354283763,0.16782658537750383,-1.5173371948935885,-0.7379857394114352,-1.7035268825340038,0.4896345295169184,-0.023086477734002592,-0.17572781438858112,0.30714083803989356,-0.0975926570020527,0.08018138234529944,0.17592822929441046,0.25224719255695466,0.1349577434918661,0.11345870457484553,0.0025160392802121177,0.9078702707812815,0.05950306460260415,0.0010669887157710562,0.0010669177240161722,0.0010655027583412334,0.000905987639069385,0.0008936257385176591,0.0009203577847706645,0.003972928145355118,0.003963968446121077,0.003981500367688903,0.008726646259971648,0.008726646259971648,0.008726646259971648,-0.13625089991039246,-0.026534492228998913,11.214664966921047,2.1044690627395997,-8.340300797972748,0.02811457007470748,0.032250852847764896,-0.14809897583852571,3.2386377862480487,0.9595391189898814,2.7257485000518265,-0.10561999511335353,-0.07665508306756925,-0.030921727371521796,-0.4928591738810354,-0.09203458041631789,0.08628196296826429,0.045342722254640845
21.05562906265259,0.053568605333566666,-0.14480608701705933,0.800000011920929,0.0,0.0,0.13075917959213257,0.0,0.0,0.0,0.0,0.0,0.0,-0.048651599197591495,-0.01930814699862157,-3.0075320969479535,-0.7686537034514094,-2.8446851505837003,0.3038165409028681,0.1322587918241983,0.16500107667984557,-1.5240687546983034,-0.7201333105994339,-2.2124998349729896,0.4814770622854318,-0.009763020144733637,-0.1689774174311248,0.3131752951531381,-0.10206579304769525,0.1241467232318747,0.17603132011812567,0.27932289183609776,0.13505073972625942,0.12728162795386508,-0.02365145580247234,0.8475302608681605,0.03029639278261337,0.0010666369801881066,0.0010658796862179048,0.0010654167652885257,0.000909378323823462,0.0008968381038296267,0.0009240895704277643,0.003967101512648662,0.003960532759232844,0.00397540370454028,0.008726646259971648,0.008726646259971648,0.008726646259971648,-0.17099233119926752,-0.04765789162668893,11.151076801019203,2.3608583016293814,-8.643517569933538,0.05828363822921448,0.038888579052857856,-0.14966927043250322,3.3207073921010917,1.0414591563098348,2.8525505043806962,-0.08781180798276408,-0.0633316254783003,-0.024171330414065467,-0.4868247167677909,-0.09362367411735202,0.13039212882948784,0.045553376597253066
21.10562906265259,0.053568605333566666,-0.14480608701705933,0.800000011920929,0.0,0.0,0.13075917959213257,0.0,0.0,0.0,0.0,0.0,0.0,-0.04215487818845857,-0.011155135131317743,-3.083983308885365,-0.8184838395088986,-2.965681940257576,0.31597213083516196,0.1276100485411152,0.16111939801230277,-1.5339797227981105,-0.6894614198429432,-2.7366336260100153,0.4748280484616706,0.004797993933759666,-0.16222353902130737,0.31979727911491956,-0.10674685767992532,0.16437363960458426,0.1747379501080513,0.3039921817483894,0.13527083042828056,0.1370396938259649,-0.01728556317778516,0.8507621827227493,0.0027473968098452248,0.0010664920419354799,0.0010649831305253124,0.0010657892748836418,0.0009132217713718066,0.0009004620496276734,0.0009282171250939148,0.003962893720526363,0.0039592835948339625,0.003970340890876626,0.008726646259971648,0.008726646259971648,0.008726646259971648,-0.21837390577880775,-0.06570091084066497,11.11383627682907,2.329321694205846,-9.554518215351163,0.14723924205841327,0.046952872122218235,-0.15106840388998963,3.4037805880002847,-1.0869853512548473,-2.8794334269798587,0.08140872316072612,-0.048770611399807,-0.017417452004248046,-0.4802027328060094,-0.09566537931185264,0.17079233345365413,0.04439711025027913
21.155629062652586,0.053568605333566666,-0.14480608701705933,0.800000011920929,0.0,0.0,0.13075917959213257,0.0,0.0,0.0,0.0,0.0,0.0,-0.035949821311704655,-0.0032187609714090883,-3.1609766198829994,0.813750492114192,2.9053021708040316,-0.32184116515672434,0.12059222652905556,0.1563355683840615,-1.5457527171074232,-0.6603663594576314,-3.3063174493178824,0.4726268148293696,0.02039264511176434,-0.15550979251243843,0.32680157134577414,-0.10940041372790028,0.20056746207836965,0.17274970762866657,0.3163944357150864,0.13225670415262267,0.14244611109506167,0.04325413164885459,0.5907066970189347,-0.018870445886716786,0.0010678526301359488,0.0010656320751232184,0.001067882544971414,0.0009175674674456425,0.0009045340959420565,0.0009328375250893846,0.003966502662472584,0.003965908923380191,0.003971829917607517,0.008726646259971648,0.008726646259971648,0.008726646259971648,-0.26302967191134646,-0.08245843881036341,11.099941328251619,1.8017715685880833,-8.126546371084888,0.2186244701945176,0.05634246642346899,-0.15229103154102935,3.4877781912287737,-1.0515496068337942,-2.691551261020016,0.08906312732241539,-0.03317596022180233,-0.010703705495379107,-0.4731984405751548,-0.09595025290332967,0.2070431184438957,0.04255909979833183
21.205629062652587,0.053568605333566666,-0.14480608701705933,0.800000011920929,0.0,0.0,0.13075917959213257,0.0,0.0,0.0,0.0,0.0,0.0,-0.030151475243218973,0.004457474797125932,-3.2385759492818265,0.7717129265443552,2.726956472282808,-0.3254103533911887,0.11134161621036844,0.15071386235733497,-1.5582204588456094,-0.6576488053532061,-3.804602680412475,0.47399484260387365,0.03627364035245003,-0.14910718438270607,0.33398591196355953,-0.10821278809435375,0.22732915254702002,0.16954847500079476,0.3171304032769661,0.12262540207364922,0.14435286348354104,0.08386125969102019,0.4651280325151399,-0.039244370705458456,0.0010704596466276756,0.0010676837815774163,0.0010713337425096482,0.0009223974251416678,0.0009090725700784605,0.0009380573229035686,0.003977446282054042,0.003979479636544703,0.003980064698037229,0.008726646259971648,0.008726646259971648,0.008726646259971648,-0.2842299680208808,-0.08524178468025982,11.103535679200592,1.464320656555326,-7.704525556546601,0.26451467278035257,0.06642511559566901,-0.153564659179832,3.572561861245386,-1.006741899539719,-2.488277513082263,0.11705322593875475,-0.017294964981116635,-0.004301097365646739,-0.4660140999573694,-0.09302335352195172,0.23364674644536032,0.03947993586093915
21.255629062652588,0.053568605333566666,-0.14480608701705933,0.800000011920929,0.0,0.0,0.13075917959213257,0.0,0.0,0.0,0.0,0.0,0.0,-0.02484216006080457,0.011849146081987253,-3.316794172828877,0.7201522194371215,2.5260870845843106,-0.33283900523451115,0.10103099108620459,0.14495298903711362,-1.5705084830363472,-0.6718037968504189,-4.281786870780153,0.4776573805076695,0.05188105535649666,-0.1432992631895936,0.34120737446313876,-0.10662790175427651,0.24518983950183765,0.16581459179757466,0.3048620498461021,0.10937992829931363,0.14427482590873142,0.05110107422112486,0.22465344798997453,-0.057660430744928444,0.0010713430294374833,0.0010682424156394593,0.0010730601994802173,0.0009277161572655762,0.0009140884439006607,0.0009439242915657742,0.003982925355079559,0.003986681102622176,0.003982883684561999,0.008726646259971648,0.008726646259971648,0.008726646259971648,-0.2858043076466675,-0.07558014700056447,11.114853700964607,1.6958551947056755,-5.97157681111665,0.32470151195112973,0.07672321541730123,-0.15514840927158086,3.6580015472920158,-0.9538029513376886,-2.2713715995260313,0.1549519240576803,-0.0016875499770700048,0.0015068238274657253,-0.4587926374577902,-0.0902817152293165,0.25135561963553765,0.03583442102294994
21.30562906265259,0.053568605333566666,-0.14480608701705933,0.800000011920929,0.0,0.0,0.13075917959213257,0.0,0.0,0.0,0.0,0.0,0.0,-0.020050344059130604,0.018964850747937124,-3.3956126500582586,0.6609411372953239,2.3049246083981902,-0.34182403521080224,0.0906416489807514,0.13967519760087704,-1.582230606138884,-0.674382061440114,-4.672323623876332,0.48432926037000423,0.06662505422550376,-0.13817554668474544,0.3484180538747462,-0.105220664168524,0.24954225320201512,0.16168902540960506,0.284025285282234,0.09561791935621926,0.14390173841778642,0.03752059657655612,-0.017591816194434628,-0.08925247896600301,0.001072021744270302,0.0010689070854802253,0.0010744571691479674,0.0009335818400027171,0.000919679081553812,0.0009506706750665033,0.003988280449084943,0.0039924431130653635,0.003985441618124294,0.008726646259971648,0.008726646259971648,0.008726646259971648,-0.27610653415933323,-0.07318379021356831,11.122468444361115,1.72996863847284,-4.226767554907027,0.39806952037225646,0.08667539828463436,-0.15714039743268257,3.7440307039330047,-0.893490154660841,-2.047560394775563,0.20019577196479488,0.013056448891937092,0.006630540332313889,-0.45158195804618273,-0.08859896176962306,0.2556135950020006,0.03172912032877006
21.35562906265259,0.053568605333566666,-0.14480608701705933,0.800000011920929,0.0,0.0,0.13075917959213257,0.0,0.0,0.0,0.0,0.0,0.0,-0.015765872945870136,0.025819661288058904,-3.4750077150135215,0.5963982524776857,2.067334095310866,-0.3504842675242527,0.08073719554966494,0.13451722400399027,-1.5935719920715954,-0.6752546538414509,-4.97561991416203,0.49466954065339536,0.08019975693443804,-0.13375168009038835,0.3555520549395359,-0.10366083114715562,0.24308934556790404,0.15648914330657201,0.2569240982921308,0.08130029565015656,0.14057174942011158,0.02351519432571057,-0.2773838962556984,-0.11748114399219584,0.0010715922212798988,0.0010687926265923475,0.001074534255921981,0.0009400262082025292,0.0009258364272580226,0.0009582861373911692,0.003990458832676269,0.003993664901909112,0.003985944299600762,0.008726646259971648,0.008726646259971648,0.008726646259971648,-0.26226680837536065,-0.06989171041426927,11.131487446497035,1.8805006229352095,-1.851614150333763,0.4131839263241375,0.09596562988030817,-0.15957134137844725,3.8305597699530574,-0.8250407249803278,-1.8183214865069575,0.2480531185553227,0.026631151600871372,0.011054406926670979,-0.44444795698139306,-0.08747023432389636,0.24909366914778036,0.026491030814343366
21.405629062652586,0.053568605333566666,-0.14480608701705933,0.800000011920929,0.0,0.0,0.13075917959213257,0.0,0.0,0.0,0.0,0.0,0.0,-0.011959324846934285,0.03242068824808501,-3.5549585755127446,0.5286418824974044,1.8180764323071819,-0.3570548884620125,0.07152472840777777,0.12952385439706882,-1.6044624278975101,-0.6686006470196697,-5.160158534219049,0.5057655412343798,0.09212116180858179,-0.13008578911942603,0.36239686585440206,-0.10009840473629213,0.21946426771944438,0.1512797727281229,0.2195467221388698,0.06479544934088893,0.13269874982601,0.049880481750971525,-0.5836503362591947,-0.1277221862030356,0.0010708611590544152,0.0010686864550575393,0.0010740058542473858,0.0009471118263198925,0.0009326396565818609,0.0009669832597601275,0.003992158353428274,0.00399263199563841,0.003986881453934274,0.008726646259971648,0.008726646259971648,0.008726646259971648,-0.24208883503312073,-0.06494107474048234,11.148946036999616,1.6477040175426345,0.7946154752432749,0.5131599576874194,0.10408048665551607,-0.16250647736751103,3.9173554413671465,-0.7486967271188372,-1.5939152390376938,0.2989149600391676,0.038552556475015126,0.014720297897633294,-0.4376031460665269,-0.08546585774550595,0.22532308529321468,0.02115456566723903
21.455629062652587,0.053568605333566666,-0.14480608701705933,0.800000011920929,0.0,0.0,0.13075917959213257,0.0,0.0,0.0,0.0,0.0,0.0,-0.008588177638414745,0.03877823502235773,-3.635432134565141,0.4595943403915694,1.563122756774079,-0.35971706362137507,0.06332115993300194,0.12477801657383635,-1.6144799341982965,-0.673586470467517,-5.212385672997227,0.5218603433835292,0.10218055354492164,-0.12729415751948348,0.3687521276948806,-0.09570365245066167,0.18784869210466387,0.14568551762556264,0.1809282882917494,0.04677091620006226,0.1202621570683183,0.03732476763942085,-0.7475986440081328,-0.14228097827450456,0.0010700764015690283,0.001068761718254853,0.001073095224604578,0.0009549666502263414,0.0009401206182580989,0.0009766552901051167,0.003994486728572626,0.003991200363268905,0.003989885823499144,0.008726646259971648,0.008726646259971648,0.008726646259971648,-0.2248822987488903,-0.052896246917598956,11.173594606972623,1.7399408013391777,2.8382334570215537,0.5258022771214335,0.11076873118333638,-0.1660723925418412,4.004184262260021,-0.6652976453185891,-1.3718113471352174,0.34387613993558036,0.04861194821135498,0.01751192949757585,-0.4312478842260484,-0.08315337730291505,0.19352987295171237,0.015410534152611515
21.505629062652588,0.053568605333566666,-0.14480608701705933,0.800000011920929,0.0,0.0,0.13075917959213257,0.0,0.0,0.0,0.0,0.0,0.0,-0.005605700683278712,0.04491354594024743,-3.7163757582201105,0.3906856350573446,1.30816616667297,-0.35728554479456276,0.05597791827243766,0.12063442014174805,-1.6232650120004326,-0.673960454725537,-5.16243191268649,0.5385872615043792,0.11005156953281038,-0.12541398681485463,0.37436139340071634,-0.0909674497478714,0.1456995843348092,0.14000540960180294,0.1333588367125989,0.028473474961821482,0.10400522331178637,0.040224645252232835,-0.9219070073825743,-0.14719830998241723,0.0010695676064713803,0.0010692276820110562,0.0010721392509155181,0.0009636558955040522,0.0009483339236472507,0.0009873140422276647,0.003998252994545101,0.003990211186350323,0.003995679027260561,0.008726646259971648,0.008726646259971648,0.008726646259971648,-0.1934751334823222,-0.036622580105123426,11.21012617495659,1.7444352412290893,4.949781297472071,0.5402621496224528,0.1156572702160891,-0.17032753275510207,4.090737151620827,-0.5766464770334937,-1.1601973825463905,0.38026823266269166,0.056482964199243715,0.019392100202204693,-0.4256386185202126,-0.08118787308989145,0.1512081244112796,0.009567574511034587
21.55562906265259,0.053568605333566666,-0.14480608701705933,0.800000011920929,0.0,0.0,0.13075917959213257,0.0,0.0,0.0,0.0,0.0,0.0,-0.002951126854587688,0.0508620191200483,-3.7977129713052067,0.32310368325427774,1.0583142675753643,-0.34945903413162727,0.050205034875201796,0.11730450705028354,-1.6302235114033703,-0.6741097169890614,-5.006900760353225,0.5560371732502802,0.11542650414721384,-0.12444732885069022,0.37909378634709373,-0.08612863450977294,0.0941323064650631,0.13430305352109964,0.0806523298930638,0.010177650588508171,0.08478859106393918,0.012828898926778947,-1.1278505025456544,-0.16113588094330675,0.0010685949259030712,0.0010691905592458868,0.0010704617531662368,0.0009732751586649443,0.0009573306960868865,0.0009988915177481998,0.0039992945723502675,0.003986228602335094,0.003999981479172541,0.008726646259971648,0.008726646259971648,0.008726646259971648,-0.16015110915011965,-0.019784325154168725,11.259071068715532,1.9886694410898726,7.581394243354091,0.568407118368781,0.11837763100180153,-0.17530934797073852,4.1768067576523,-0.48484089209099085,-0.9631420454050993,0.40564478438309776,0.06185789881364717,0.020358758166369104,-0.4209062255738352,-0.07973466583658638,0.09948336732987575,0.0037211509149830987
21.60562906265259,0.053568605333566666,-0.14480608701705933,0.800000011920929,0.0,0.0,0.13075917959213257,0.0,0.0,0.0,0.0,0.0,0.0,-0.0005435421653432068,0.05666504446396464,-3.8793369282432515,0.25820267537761366,0.8193988471136346,-0.33623946848069847,0.046098352694576086,0.11481650670636678,-1.6347347661183609,-0.6620472692595465,-4.719788960725857,0.5748943334334977,0.11805595112101938,-0.12435343147505576,0.38283699823210326,-0.0825578763631408,0.033517618865972355,0.1285902678065227,0.02433297246398735,-0.0059500280894302475,0.06500239718853712,-0.020967007918873452,-1.2725747216836425,-0.1627435592603022,0.0010677364760121966,0.0010690638816161205,0.0010687413346726455,0.0009839344721741243,0.0009671814307989921,0.0010112840429673461,0.0039990414621322605,0.003981540545215149,0.0040037802659305625,0.008726646259971648,0.008726646259971648,0.008726646259971648,-0.11960511094153804,-0.007274853055879441,11.300507966795964,2.266300083985982,9.81767922301797,0.592950712922794,0.11859949328636259,-0.1810184759390204,4.262173926475355,-0.3938241671399537,-0.7863206468096123,0.4180269555043549,0.06448734578745272,0.020452655542003567,-0.4171630136888257,-0.08013641722498281,0.038812996175272244,-0.002082462033013458
21.655629062652586,0.053568605333566666,-0.14480608701705933,0.800000011920929,0.0,0.0,0.13075917959213257,0.0,0.0,0.0,0.0,0.0,0.0,0.0017093909126305582,0.062359306630807604,-3.9611346517944392,0.1975142604497073,0.5973809236217908,-0.31799834247352504,0.04401897042437963,0.11295397996736463,-1.6371741759293297,-0.6361032893852278,-4.320862912115323,0.5949786733444145,0.11787475948211006,-0.12499569719016962,0.3855985152082344,-0.08003881922289757,-0.030811540705637092,0.12303637695720741,-0.03154698987641235,-0.01931576756416505,0.045564544294703385,-0.04981861863992747,-1.2877742217373418,-0.16235652143600143,0.00106701099466848,0.001068723448680438,0.0010671433273044951,0.0009956919028808104,0.000977939193065944,0.001024351797957025,0.00399592053999618,0.003975508496969282,0.004004881369666249,0.008726646259971648,0.008726646259971648,0.008726646259971648,-0.07379381271018506,-0.002100415078892771,11.34929616301534,2.5358825104026463,11.15661761235796,0.5707107501448119,0.1161653685694795,-0.18735500382097722,4.346733167002673,-0.30757968941260305,-0.6302312570305125,0.4169968641269675,0.06430615414854339,0.019810389826889707,-0.41440149671269455,-0.08182935356060031,-0.025500493188893098,-0.007642705249499574
21.705629062652587,0.053568605333566666,-0.14480608701705933,0.800000011920929,0.0,0.0,0.13075917959213257,0.0,0.0,0.0,0.0,0.0,0.0,0.0039156189998838485,0.0679669105081721,-4.0429933605909065,0.14213951857289808,0.39665230048533284,-0.29542650753245336,0.04423015306575072,0.11135017512721168,-1.6371741759293297,-0.5966801881900737,-3.8549899440377593,0.6139510151164335,0.11486348972099401,-0.12621900177848674,0.3874020690776082,-0.07890198037925712,-0.0990779340356897,0.1175595050915475,-0.08794963669907764,-0.028985853185255036,0.02696960460276484,-0.07383577710671525,-1.3521255243146897,-0.15444791452435042,0.0010687750812903934,0.001070419669410726,0.0010681763555266187,0.0010086428230541508,0.0009896796492572504,0.0010380191941609448,0.004000656942447247,0.003979478325151243,0.004013159355071513,0.008726646259971648,0.008726646259971648,0.008726646259971648,-0.03370546698442373,-0.0011380109592480274,11.404753254743651,2.796839944188108,12.927534558148665,0.5566735444497733,0.11094787072111016,-0.19418591228665882,4.430395429668515,-0.22925253423978723,-0.4994056688262732,0.40391645217348787,0.06129488438742735,0.01858708523857258,-0.41259794284332074,-0.0851579354879546,-0.09365797349949395,-0.013024953929084012
21.755629062652588,0.053568605333566666,-0.14480608701705933,0.800000011920929,0.0,0.0,0.13075917959213257,0.0,0.0,0.0,0.0,0.0,0.0,0.006182516651362897,0.07349552714867849,-4.124782748022714,0.0929465635991282,0.22104769271222421,-0.26928408116031877,0.046445752993409896,0.10979449049304098,-1.634401321342914,-0.5442092153056465,-3.3005711286706596,0.6322214966037005,0.1091258415683195,-0.12786242152068744,0.3883521330550321,-0.07828891100637428,-0.16730604365995003,0.1127630823399764,-0.14169230344254324,-0.036881799197189764,0.011577815292310946,-0.07767394585140358,-1.352173781664562,-0.13508213406029562,0.001071100823999019,0.0010722088790290256,0.0010700448904043232,0.0010227522209320314,0.00100242678591331,0.0010522065126248987,0.004003371680781671,0.0039841063314937294,0.004018106147098796,0.008726646259971648,0.008726646259971648,0.008726646259971648,0.005434108282705503,0.005341521141320646,11.44350367353637,2.8707869886874517,14.216711469536039,0.5878514983790216,0.10294332491695661,-0.20135794866936593,4.513134881077746,-0.16096138013976005,-0.39342439060482587,0.3812678909806608,0.05555723623475284,0.016943665496371885,-0.4116478788658969,-0.08900607840759275,-0.1617498250316652,-0.01762434695485134
21.80562906265259,0.053568605333566666,-0.14480608701705933,0.800000011920929,0.0,0.0,0.13075917959213257,0.0,0.0,0.0,0.0,0.0,0.0,0.008609118768308818,0.07895445897260206,-4.20638505470171,0.05045977951153249,0.07437951152140738,-0.24019733579793034,0.05061833168442556,0.10856278246389871,-1.6296909458168625,-0.48804089019625196,-2.68169346773419,0.65205087578743,0.1007475570896985,-0.129882169948517,0.3886485028240885,-0.07763036702235576,-0.23531842604682796,0.1088555982752068,-0.1929575551918629,-0.043764545233175065,0.0011026717917698324,-0.0749864386134973,-1.351671431725439,-0.11688565185422035,0.0010751582905795865,0.0010753197213963959,0.0010740042190857935,0.0010380617765425079,0.00101625314367929,0.0010669150597367488,0.004008324389109179,0.0039937896834725106,0.004023610828308082,0.008726646259971648,0.008726646259971648,0.008726646259971648,0.04862178668490643,0.02388987682799564,11.445498530373145,2.9500654228766283,15.497415932948742,0.5234379063165526,0.09213843832138968,-0.20883662892111907,4.595033557525799,-0.10355302988620047,-0.31578040110650957,0.3514302751038791,0.047178951756131834,0.01492391706854232,-0.41135150909684043,-0.09279421558967257,-0.22963407112568765,-0.021234272594287618
21.85562906265259,0.053568605333566666,-0.14480608701705933,0.800000011920929,0.0,0.0,0.13075917959213257,0.0,0.0,0.0,0.0,0.0,0.0,0.01129833441780828,0.08437499083967685,-4.287749349033357,0.014775296900416514,-0.040108470509794644,-0.2088443728079879,0.056950294295551304,0.1082584922190902,-1.624880827448972,-0.4279086433773986,-1.9987805836270844,0.6686595753680361,0.08994289041868125,-0.1321776486747368,0.38849563002375215,-0.07718515116154133,-0.3008678296031091,0.1060685449916336,-0.2379327520990616,-0.04763679950778873,-0.007568706532759834,-0.061758910096056614,-1.2475059532825037,-0.08464300485279354,0.0010799798781005534,0.0010789418092400944,0.0010790997857129435,0.0010545199920029547,0.0010312020324823993,0.001082176223273775,0.004013565436231246,0.004006222033970985,0.004027051146440727,0.008726646259971648,0.008726646259971648,0.008726646259971648,0.10225650423498303,0.029975681724165724,11.444774118110315,2.9327494799201155,15.937732278055272,0.4433099272535797,0.07864455600087297,-0.21655263951441367,4.676244979057109,-0.058044299783444366,-0.26750335394972063,0.3166959911417416,0.03637428508511459,0.012628438342322523,-0.4115043818971768,-0.0966333683701103,-0.2950495262194653,-0.02363831584829288
21.905629062652586,0.053568605333566666,-0.14480608701705933,0.800000011920929,0.0,0.0,0.13075917959213257,0.0,0.0,0.0,0.0,0.0,0.0,0.014371191594801394,0.08978791545063106,-4.368874042961932,-0.014340780158445402,-0.12021377894648913,-0.1760275333659734,0.06596399278418028,0.1082584922190902,-1.6201069296942237,-0.3686421937063751,-1.2938518822647023,0.6812618759954926,0.07701067039698874,-0.13462348877606825,0.3878363605719651,-0.07496098850688308,-0.3620701656754542,0.1046350580316112,-0.2771805970138474,-0.050030279703538134,-0.01938419841206151,0.01323908322422847,-1.1412293969682363,-0.061508746857154004,0.0010854273729430167,0.0010831719708455868,0.0010851277833158468,0.0010720519740668203,0.0010473112704626221,0.0010980995594605792,0.00401429699340018,0.004015712337140438,0.004023887608778878,0.008726646259971648,0.008726646259971648,0.008726646259971648,0.14302539211913207,0.02811000358565035,11.47191213611699,2.4262014253292423,16.164366450643342,0.37812056984946507,0.06263947880218734,-0.2244114042266993,4.756710403533897,-0.022306103127148164,-0.24876000567774872,0.27938584267828215,0.02344206506342207,0.010182598240991075,-0.4121636513489639,-0.09841296571207524,-0.35624349640860886,-0.02463192988608535
21.955629062652587,0.053568605333566666,-0.14480608701705933,0.800000011920929,0.0,0.0,0.13075917959213257,0.0,0.0,0.0,0.0,0.0,0.0,0.017945694806081387,0.09519850796391251,-4.449726119480267,-0.038031848904404156,-0.16498915208555473,-0.14252696151981628,0.07701613566701737,0.10816520831216443,-1.6139761310391412,-0.3347031467648913,-0.5775914722728661,0.6906047087527442,0.06249968777204187,-0.13715116861227056,0.38648367986627635,-0.07162117303673983,-0.4106692114214505,0.10539808114653884,-0.2994104777366214,-0.050676286842502506,-0.03467983093570797,0.025372007520537778,-0.7764841639798788,0.005626020040925989,0.0010919040395188854,0.0010886972868390456,0.0010923352990109766,0.0010903813634954077,0.0010646558065295084,0.00111508228399599,0.004017920627457725,0.004027238802378812,0.004020826591988393,0.008726646259971648,0.008726646259971648,0.008726646259971648,0.16949537915712187,0.027249801297884117,11.55652753081277,2.324124357733541,14.15606444211675,0.22019649888668846,0.044553992965960486,-0.23234967657618305,4.836209799346543,0.004057056746509891,-0.2524838082148464,0.24226174247971044,0.008931082438475207,0.007654918404788769,-0.4135163320546526,-0.09825441312327388,-0.4049312472539925,-0.023463195434686713
22.005629062652588,0.053568605333566666,-0.14480608701705933,0.800000011920929,0.0,0.0,0.13075917959213257,0.0,0.0,0.0,0.0,0.0,0.0,0.02210589264530073,0.10060336102898795,-4.530165886822478,-0.05777784896125971,-0.17656565184505066,-0.10912798987033824,0.08939177790175398,0.10802891429085035,-1.6036145626492695,-0.30586795320319277,0.03825383729263887,0.6920513379618568,0.04729439012749697,-0.13965634495017468,0.38445624668025313,-0.0692054585986166,-0.4403140123886749,0.10860291897435105,-0.30597149121362455,-0.04903311435583583,-0.044949902171425346,0.021435991036711354,-0.37725802067043895,0.06806453819169175,0.0010989087753742,0.001095269270054977,0.001099978444488282,0.0011092359820899127,0.0010832770514419853,0.001133611383441463,0.0040198742568296145,0.0040340617649754235,0.004015559061674995,0.008726646259971648,0.008726646259971648,0.008726646259971648,0.16744101496781758,0.024497888067937235,11.651423069941004,2.385803199385087,11.543492115023662,0.06440603638225223,0.02518849748219624,-0.24025970597916263,4.914622133502731,0.021311391008770282,-0.27047714628481007,0.20756088110654394,-0.006274215206069696,0.005149742066884649,-0.4155437652406758,-0.09777726578111517,-0.4346412648907073,-0.01998572116190095
22.05562906265259,0.053568605333566666,-0.14480608701705933,0.800000011920929,0.0,0.0,0.13075917959213257,0.0,0.0,0.0,0.0,0.0,0.0,0.026882304641020285,0.10599795950146026,-4.609968956321286,-0.07445049292945562,-0.16069507479250608,-0.07645379056042326,0.10166470192702537,0.10775502460803892,-1.588508217302986,-0.27394881755891687,0.5234705305034877,0.6857084440457475,0.03220395955139432,-0.14197612380550045,0.3821385901462923,-0.0691521372299955,-0.44947638525637396,0.11375492603582653,-0.29531928658587187,-0.042846283803665716,-0.04667828278002881,0.001489000731015009,-0.0006184899602448073,0.11867572245051779,0.0011061794451238242,0.0011027681592796876,0.001107553201749267,0.001128736866348434,0.0011033293940936406,0.0011541943989071012,0.004032186689500361,0.004046716096698805,0.004021505637647278,0.008726646259971648,0.008726646259971648,0.008726646259971648,0.14354718530334923,0.015825179537916696,11.732810641908474,2.526503248312932,8.575917021354613,-0.06026088020318862,0.005321654910374039,-0.24797408330696072,4.992107546467578,0.030291926231797904,-0.295514841394917,0.17625886471882096,-0.021364645782172342,0.0028299632115588724,-0.41786142177463664,-0.09831680549424976,-0.44375786647670473,-0.014744524701777504
22.10562906265259,0.053568605333566666,-0.14480608701705933,0.800000011920929,0.0,0.0,0.13075917959213257,0.0,0.0,0.0,0.0,0.0,0.0,0.032242495550922824,0.11136802260412948,-4.68891497408782,-0.0884728566732234,-0.12434855234832104,-0.044855294805891045,0.11274293446907332,0.10704749949872645,-1.5693324933583293,-0.2349946794682486,0.860308469030882,0.673132204300366,0.018011948623249004,-0.1438503874119267,0.37989604075015954,-0.07091868386585559,-0.4378542034511947,0.12072842497356266,-0.26949929982246373,-0.03146105341100266,-0.04183281358228354,0.014038978121985098,0.42816929923718433,0.1717573973382144,0.0011125887690695015,0.0011100538640409195,0.0011137481706187996,0.001148866724762689,0.0011247415510690353,0.001177093614037056,0.004040936919335667,0.004050417821095726,0.0040272533930517706,0.008726646259971648,0.008726646259971648,0.008726646259971648,0.1156851308336891,4.1880880120703096e-05,11.797721714759943,2.5184456889309126,5.014524694698839,-0.1877917742551259,-0.01423054692767382,-0.25521841001605616,5.068811014837979,0.03331198738969398,-0.3202255969264343,0.14888607106280766,-0.03555665671031766,0.000955699605132615,-0.4201039711707694,-0.09931221841244034,-0.43201879674786947,-0.007881503769428566
22.155629062652586,0.053568605333566666,-0.14480608701705933,0.800000011920929,0.0,0.0,0.13075917959213257,0.0,0.0,0.0,0.0,0.0,0.0,0.03812177051984027,0.11668298032801044,-4.766821066816051,-0.10016689435941985,-0.07567749784036372,-0.014471041526486894,0.12242806428763756,0.10555080945652429,-1.5469112157711005,-0.19644341934668402,1.0190767912254737,0.6541794198523889,0.005528315797050356,-0.14506711288718074,0.37805070142756136,-0.07393774364129868,-0.4069525538493849,0.1284595268783191,-0.22745682456993793,-0.016850538932771313,-0.03136999310580127,0.029245469033003034,0.7857425897692596,0.18833925062581516,0.001118557318049029,0.0011173885241517083,0.0011189113098523489,0.001170043598775977,0.001147699777171778,0.001202620129002266,0.004063756281287982,0.004063792244255747,0.004050381923515291,0.008726646259971648,0.008726646259971648,0.008726646259971648,0.0820018472922087,-0.01788942737500435,11.836421868424917,2.403234179704009,1.6806416720316175,-0.23444150713435727,-0.03259345472278991,-0.26175009321519116,5.144871768243612,0.032463283977221306,-0.3378597122999747,0.12456939405608673,-0.04804028953651631,-0.0002610258701214174,-0.4219493104933676,-0.1002970218660762,-0.40097190020994705,-0.0004317357850858436
22.205629062652587,0.053568605333566666,-0.14480608701705933,0.800000011920929,0.0,0.0,0.13075917959213257,0.0,0.0,0.0,0.0,0.0,0.0,0.04444319787525951,0.12190068941446276,-4.843557720472845,-0.10994555439963524,-0.02328280458465425,0.014780560418116116,0.13042902992912844,0.10315755400156575,-1.5225549305006212,-0.163652734686462,1.0111509622867132,0.6328941487604489,-0.0045194312642147854,-0.145539189770165,0.3767780398682701,-0.076288734193372,-0.3603929643817699,0.13653466330297845,-0.17223720528309622,-0.002319625968115052,-0.019413001046616033,0.06907996179078696,1.0623343537427803,0.19183901496113434,0.0011220996384063017,0.0011224935618115825,0.0011211022725651104,0.0011924374319831116,0.0011720790529515888,0.0012305783142023976,0.004089967721630595,0.004077858458321945,0.004081218452679172,0.008726646259971648,0.008726646259971648,0.008726646259971648,0.03867584050935189,-0.03176367603535128,11.85858150922727,2.098313728939498,-1.38425245373931,-0.25715983485234273,-0.048962629139474294,-0.26743987918462775,5.220335760341115,0.031197631619005243,-0.343425158523164,0.10271293078300663,-0.05808803659778145,-0.0007331027531056744,-0.4232219720526589,-0.09959306324845874,-0.35436042230293396,0.007256188155819022
22.255629062652588,0.053568605333566666,-0.14480608701705933,0.800000011920929,0.0,0.0,0.13075917959213257,0.0,0.0,0.0,0.0,0.0,0.0,0.05111051600427472,0.1269813929173417,-4.919048860315113,-0.11835999458249563,0.02485386440676199,0.04318039188239811,0.13626369523147647,0.10007058611358985,-1.4970906631900245,-0.1461080725644657,0.8499804270594042,0.6104729612826096,-0.011476241190844162,-0.14534313403095395,0.3761239491257774,-0.07761749748565966,-0.29981256504453485,0.14380234186205723,-0.10427608527060701,0.009468979217056667,-0.006257126407011956,0.12108571120306788,1.3421401879564572,0.17782202954873402,0.001125037052272235,0.001126834136529003,0.0011223617362552426,0.001216412885066873,0.0011980064775213685,0.001260914025150873,0.004140920864261118,0.004116786504156853,0.004139889255308144,0.008726646259971648,0.008726646259971648,0.008726646259971648,-0.010718904479953701,-0.04331341266952528,11.873768347355101,1.5433974573454419,-4.697962492153023,-0.2312241307495831,-0.06258675719511889,-0.2723245269482957,5.29517280944089,0.031415930905303514,-0.330625659907744,0.08208227450707042,-0.06504484652441082,-0.0005370470138946204,-0.42387606279515155,-0.09695574053840576,-0.29384769675256206,0.014088935126744967
22.30562906265259,0.053568605333566666,-0.14480608701705933,0.800000011920929,0.0,0.0,0.13075917959213257,0.0,0.0,0.0,0.0,0.0,0.0,0.05800782396717071,0.13189331085502914,-4.9932478032441905,-0.12628938650448257,0.06075718599394404,0.07120751507925668,0.13962862328435915,0.09640613139390525,-1.4708670539730362,-0.15630922402217262,0.5231243899114073,0.5893485590099083,-0.01483001235313098,-0.1446917076035735,0.376190270825448,-0.07683373149496288,-0.22777572906898885,0.1503692171217775,-0.029220150656377706,0.0159547959240608,0.009292000978341165,0.154105645450991,1.500912307825895,0.16557087379920632,0.0011254696496498654,0.0011281717390323415,0.0011210902560095989,0.0012422962529359135,0.0012255395158378114,0.001293336580467733,0.004222005139532841,0.004189370031356021,0.0042295232833669885,0.008726646259971648,0.008726646259971648,0.008726646259971648,-0.06129898899896503,-0.04486768885270295,11.861418049448709,1.2480796628113948,-7.318079625307447,-0.21153104148667395,-0.07283783632030169,-0.2765850184586026,5.369438074069638,0.03606904376020919,-0.2942524846318744,0.0625780324593952,-0.06839861768669764,0.0001143794134858267,-0.423809741095481,-0.0914656962794539,-0.22206256143999267,0.020239662467769533
22.35562906265259,0.053568605333566666,-0.14480608701705933,0.800000011920929,0.0,0.0,0.13075917959213257,0.0,0.0,0.0,0.0,0.0,0.0,0.06501015322706208,0.1366200632115034,-5.066151003584801,-0.13438867223842374,0.0769850967843344,0.09946598927884302,0.14046454711129125,0.09266396286506176,-1.4452609596513675,-0.1812762652065821,0.06526249610568724,0.5692088112003525,-0.014259996246826648,-0.14376169268018535,0.37702470675676264,-0.07727812417726829,-0.14624794784745784,0.15621464508271757,0.05342163617788894,0.02150046113519872,0.023543605347528765,0.09907143695830103,1.7204272557269864,0.1740646065315621,0.001125296740765767,0.001128147301113999,0.0011196272959884833,0.0012700891990758817,0.001254570892177792,0.001327181216531,0.004347752456977673,0.004311994787914035,0.004362701570133999,0.008726646259971648,0.008726646259971648,0.008726646259971648,-0.1108198343150653,-0.04032826083364744,11.851686175901497,1.5888714253013063,-10.632893397203247,-0.2261915866563585,-0.07927014947388873,-0.2803817558916888,5.443175710341564,0.043408884428384815,-0.22885987014266557,0.0438812146474205,-0.06782860158039332,0.0010443943368739772,-0.4229753051641663,-0.0865819026409804,-0.14074697695656121,0.025753418188253767
22.405629062652586,0.053568605333566666,-0.14480608701705933,0.800000011920929,0.0,0.0,0.13075917959213257,0.0,0.0,0.0,0.0,0.0,0.0,0.07199237762165443,0.141165381426559,-5.137786064051258,-0.1419610012450369,0.06612008321744407,0.12853500445009527,0.1388244286724184,0.0891487657371713,-1.4201414590070611,-0.1892037182664952,-0.5583400862947808,0.548336036132314,-0.009394480634306616,-0.14249281567474678,0.37851817652725517,-0.08217202369129581,-0.05615877642080965,0.16159146298424906,0.14117020531255697,0.029802828404623186,0.03634067663441776,0.007799813307983151,1.8543758562801065,0.17805068850260006,0.0011278109350015258,0.0011299342092502339,0.0011217037284450397,0.0013000665486395946,0.0012852564145158047,0.0013620142649550804,0.004547556329638651,0.0045157880997772,0.004564641981196302,0.008726646259971648,0.008726646259971648,0.008726646259971648,-0.16859015876000982,-0.04702817185349685,11.823022951858535,2.246413446524341,-13.326494805231029,-0.21189873390903868,-0.08138685825596105,-0.2836581971013058,5.516304240578513,0.050571136352793304,-0.12777031889572776,0.026123909505342362,-0.06296308596787328,0.002313271342312545,-0.4214818353936738,-0.08557563857542022,-0.050617102978314336,0.030940123854295225
22.455629062652587,0.053568605333566666,-0.14480608701705933,0.800000011920929,0.0,0.0,0.13075917959213257,0.0,0.0,0.0,0.0,0.0,0.0,0.07882038318874744,0.14552656489644553,-5.208200978515558,-0.14684921431639214,0.020735102583916653,0.15896422922501902,0.13429579401129818,0.08529857305828811,-1.396455119564901,-0.16425407026525668,-1.3166227390966843,0.52817790370164,-0.00014280520349715714,-0.14073174872863714,0.3806578666057925,-0.09086561286348048,0.037931845315632,0.1666539217608033,0.22781594317923864,0.041101078342970575,0.04941338070222652,-0.03894226633358788,1.8981957092386221,0.17580454270771992,0.0011371502129833818,0.001137797803486206,0.0011317652786590642,0.0013324622577352884,0.00131772779841219,0.0013973713856064152,0.004849729540616407,0.004828511437728719,0.004859727909732021,0.008726646259971648,0.008726646259971648,0.008726646259971648,-0.21804378862124602,-0.051972696384343625,11.780142349135483,2.6502515656289143,-15.385916607202091,-0.2509466817397467,-0.0789631883922446,-0.2862583136250827,5.588858845121351,0.0569767762130106,0.012056795645967244,0.00934082596640342,-0.053711410537063825,0.004074338288422186,-0.41934214531513647,-0.0880959162209213,0.04373899030730074,0.03600028482778995
22.505629062652588,0.053568605333566666,-0.14480608701705933,0.800000011920929,0.0,0.0,0.13075917959213257,0.0,0.0,0.0,0.0,0.0,0.0,0.0853601399854579,0.14968905807672436,-5.277485176761154,-0.14663210687197065,-0.06498006010955654,0.19114883257309986,0.12729447785711612,0.08120115415286258,-1.3749128102588937,-0.11911251630878919,-2.177876481997142,0.5060673738794305,0.013309307154632702,-0.13838668662347595,0.38343206119664075,-0.10107818712443288,0.12995329840305045,0.17098189906355565,0.3097215653938213,0.05236692188019383,0.06152860522485858,-0.07480697729745656,1.8005105435820936,0.15620903169590336,0.0011602534323259589,0.001159087901463387,0.0011567187932991893,0.001366852018027363,0.0013517553446505818,0.0014326403499712878,0.005258682553635301,0.005251940711381755,0.005249609159233932,0.008726646259971648,0.008726646259971648,0.008726646259971648,-0.25773084734360635,-0.059538030924622606,11.721768282488878,3.0186537673244627,-16.35166313419491,-0.19299251557635644,-0.0720508328308252,-0.2880757447002003,5.660917237957794,0.06315877015757265,0.19045519344688874,-0.007321075775255476,-0.040259298178933964,0.00641940039358338,-0.4165679507242882,-0.09226553772042416,0.1361223411342565,0.04051785299865315
22.55562906265259,0.053568605333566666,-0.14480608701705933,0.800000011920929,0.0,0.0,0.13075917959213257,0.0,0.0,0.0,0.0,0.0,0.0,0.0915002221510563,0.1536372236435566,-5.345765227124757,-0.1391437182448949,-0.19465469639175065,0.22532707822529702,0.118308808766816,0.0767254685204231,-1.3562892042852166,-0.055550852267544026,-3.087417551247242,0.48685455236539055,0.030835814869625996,-0.13549214265094697,0.38683105795394945,-0.1127341638920951,0.2192874819323127,0.17416487914595818,0.39131846988247154,0.06340754953231686,0.07454584363952235,-0.10108845698337784,1.8079354772012777,0.14164541817091872,0.001209058834952714,0.0012063887108412668,0.0012079440575763483,0.0014031412081803407,0.0013874958853994938,0.0014678581340290498,0.005799975678424948,0.005809107486883729,0.005759404858493088,0.008726646259971648,0.008726646259971648,0.008726646259971648,-0.30862412044685034,-0.06650216511681445,11.65403833740339,3.3981504557902866,-18.17330859611903,-0.14770754518204313,-0.0606644072814303,-0.2891293662945036,5.732596285078706,0.06795321617852004,0.41063653542355955,-0.024764706508236613,-0.02273279046394067,0.009313944366112353,-0.4131689539669795,-0.09804979484216575,0.22591512336880915,0.044068042110845224
22.60562906265259,0.053568605333566666,-0.14480608701705933,0.800000011920929,0.0,0.0,0.13075917959213257,0.0,0.0,0.0,0.0,0.0,0.0,0.09712740427076062,0.15735289976102657,-5.413198759621034,-0.12199993761318895,-0.3715594712756077,0.2617071243806118,0.10677847602135365,0.07190157617837402,-1.3410520955658138,0.026985646196992605,-4.088040893593549,0.4699059793710663,0.05232663929299365,-0.13204033191309447,0.3908676729986068,-0.12710794377804502,0.3069581559036932,0.1758876452511949,0.4652407845136043,0.07483182454851757,0.08676172312205993,-0.17088826992516049,1.6181063781473566,0.08320258113577009,0.0012971993833418827,0.0012940988324705025,0.0012978344624367591,0.0014408147955441107,0.00142473141683796,0.0015026686205826232,0.006458882723783962,0.006482516841106165,0.00637311640422547,0.008726646259971648,0.008726646259971648,0.008726646259971648,-0.3522563157686541,-0.07019675865546954,11.59057082560525,4.031741276072023,-18.23051778309374,0.01184366977038067,-0.04480076497776697,-0.289393231674121,5.804066432619641,0.06894673826942288,0.6772747471956856,-0.043838667815549286,-0.0012419660405730143,0.012765755103964854,-0.40913233892232215,-0.10665239696633132,0.31422521362283745,0.04633197679093532
22.655629062652586,0.053568605333566666,-0.14480608701705933,0.800000011920929,0.0,0.0,0.13075917959213257,0.0,0.0,0.0,0.0,0.0,0.0,0.10212352950903923,0.16082276301947052,-5.479949771071083,-0.09232553241887691,-0.5977120090579111,0.30044384961170345,0.09306653350980205,0.06689295415939255,-1.328988362436319,0.1412016856756084,-5.09152469528852,0.46093496712436405,0.0770059073762826,-0.12802684351705615,0.3955088025224881,-0.14096629860071766,0.37839969731262524,0.1748774844017508,0.5193428739471586,0.08526072671036035,0.09809044173840804,-0.13169881389729585,1.2628675349865106,0.010346522931169095,0.001439275654646538,0.0014374108995027514,0.001439272412826733,0.0014790045941794755,0.0014634609831460652,0.0015376488582586338,0.007233353824118174,0.007266553573600258,0.00708906069804608,0.008726646259971648,0.008726646259971648,0.008726646259971648,-0.36296085675786827,-0.06668687915390978,11.525460787634842,3.8845775488284806,-16.707940080604647,0.15829531053085774,-0.02511762213275663,-0.2888496065365267,5.875458573593571,0.06523892994672417,0.9780720586588537,-0.06871811972970468,0.023437302042715935,0.016779243500003177,-0.40449120939844085,-0.11580333378224386,0.38633462722746403,0.04589775981026892
22.705629062652587,0.053568605333566666,-0.14480608701705933,0.800000011920929,0.0,0.0,0.13075917959213257,0.0,0.0,0.0,0.0,0.0,0.0,0.10642067694550406,0.16404658252634258,-5.546178983412125,-0.0482117858804453,-0.8709801672531293,0.34126563656130715,0.07881936394878877,0.0620598261154887,-1.3201801312053438,0.24805953879205506,-6.018879611859107,0.4592865369156851,0.10400824213010035,-0.12360293098906158,0.40052925892803165,-0.150848435336914,0.4307732607396969,0.17137254467342258,0.5598208050276128,0.09095531546708478,0.10162939533439154,-0.06404559381548881,0.94945521294345,-0.04044181200146059,0.001645313317081473,0.0016463928009824314,0.0016406677193220767,0.0015177640900961844,0.0015040577186751897,0.0015740064014816322,0.008147978739514146,0.008184716383696458,0.007937993575929619,0.008726646259971648,0.008726646259971648,0.008726646259971648,-0.36662069090490945,-0.06922613869419574,11.506206575314007,3.4962801452358945,-15.399761348340917,0.2681766625183259,-0.002412434815403708,-0.28764951351540413,5.946708242340157,0.05721051153362202,1.3078304827665173,-0.10238935696178737,0.05043963679653368,0.021203156027997744,-0.3994707529928973,-0.12223911460446024,0.43919338274906167,0.042888554096509234
22.755629062652588,0.053568605333566666,-0.14480608701705933,0.800000011920929,0.0,0.0,0.13075917959213257,0.0,0.0,0.0,0.0,0.0,0.0,0.11000089111123441,0.16702557155659412,-5.61199185195702,0.010967521786504342,-1.187695578176669,0.38305162493156175,0.06438920268042343,0.05709973509457056,-1.3123346105904103,0.3355025217288722,-6.880825591816506,0.46313217430637965,0.1328921255010977,-0.11900370197433974,0.4055046804541577,-0.1569178513926158,0.47197723902725086,0.16603482483160523,0.591580051520352,0.09208153963410044,0.09545694280139315,-0.02022266250580418,0.6628356329180125,-0.08877178865408625,0.0019208965340977912,0.0019261718083580174,0.0019066541969072078,0.0015569727192970926,0.001546039372555873,0.001611521520670988,0.009133286510176902,0.009168288788319106,0.008851620102683411,0.008726646259971648,0.008726646259971648,0.008726646259971648,-0.3733382823228859,-0.059362129083934595,11.536704213524192,3.366683692348247,-13.650621640734515,0.44968638154311236,0.022891234389863277,-0.2860292735309339,6.017496532411178,0.0441299066946238,1.6705064379560663,-0.14585497246529497,0.07932352016753103,0.02580238504271959,-0.39449533146677124,-0.12560659213575787,0.48068384283452364,0.03797935682787085
22.80562906265259,0.053568605333566666,-0.14480608701705933,0.800000011920929,0.0,0.0,0.13075917959213257,0.0,0.0,0.0,0.0,0.0,0.0,0.11285120022427403,0.16976888604781254,-5.677374322423406,0.08602201162769588,-1.543880519999213,0.42422304207838485,0.04962316184115926,0.052632844554165475,-1.3029642080649677,0.4164656820213068,-7.655314586393584,0.4760532976483136,0.1627369475732296,-0.11445203492522295,0.4099570603274519,-0.15937565277745439,0.4924646597576594,0.1581698545030267,0.5975381415822473,0.08906565565230858,0.08140611065044949,0.08930960950918958,0.15253539878974604,-0.14406618092940723,0.002267805254586432,0.002277829267338696,0.0022386929371137547,0.001596415579030565,0.001589596292479565,0.001651221692353137,0.010180415112431073,0.010206117603272325,0.00982401130098509,0.008726646259971648,0.008726646259971648,0.008726646259971648,-0.364456433547764,-0.04724402854969716,11.618753981822188,2.449421866795428,-10.056039778167127,0.6324869733877188,0.04988574734895557,-0.2842209209730355,6.0873313827508575,0.020190568143190278,2.0526560685295636,-0.20138931544326769,0.10916834223966293,0.030354052091836378,-0.39004295159347707,-0.12673010423282796,0.5013074434446916,0.03034001446086374
22.85562906265259,0.053568605333566666,-0.14480608701705933,0.800000011920929,0.0,0.0,0.13075917959213257,0.0,0.0,0.0,0.0,0.0,0.0,0.11497430960631932,0.17230400363767853,-5.742185710553146,0.17682050916437206,-1.9328521454595606,0.4621138912931905,0.03530121344065119,0.04877185904047228,-1.2894913171246252,0.4515657510360998,-8.25007448784229,0.49811445058247805,0.1923056821908897,-0.11020990704531854,0.413544991312133,-0.1538740079645212,0.48904922779246546,0.14908171037019624,0.5816506746685464,0.07967227496841008,0.061224200254287535,0.19002921553226357,-0.3070613673779586,-0.1583193172744478,0.0026842166994960155,0.0026987688742879236,0.0026350431812949215,0.0016360941497169706,0.0016344438094916375,0.001693690421960116,0.011250603414705407,0.011259836317559372,0.010818765083465754,0.008726646259971648,0.008726646259971648,0.008726646259971648,-0.33206772661920747,-0.03622361627310109,11.728995476907762,1.572539433792403,-6.345002399273679,0.6964578315393233,0.07733137258457037,-0.2825139106829971,6.155730701865279,-0.015863200606102662,2.443085308593775,-0.2709876906581037,0.13873707685732303,0.03459617997174079,-0.38645502060879594,-0.1214809220510758,0.49759346499203083,0.021196339323305197
22.905629062652586,0.053568605333566666,-0.14480608701705933,0.800000011920929,0.0,0.0,0.13075917959213257,0.0,0.0,0.0,0.0,0.0,0.0,0.11642180745199981,0.17465984746720545,-5.806185652267008,0.28233015055496596,-2.345699180607115,0.4920510932430743,0.02259870038657187,0.045461894140609124,-1.2705063514300052,0.4428216984007416,-8.659282520346293,0.523374146424221,0.2205858575579192,-0.10659579088558205,0.4160582414331461,-0.14262561993883943,0.46314837963613636,0.1401487472828978,0.5470193230451192,0.06401930693085352,0.03971267684914293,0.250370261468538,-0.7252161388261076,-0.1718939391823826,0.0031669698405073594,0.0031851342060436327,0.003092804026582794,0.0016761051915288928,0.0016800535689528702,0.0017386369275971007,0.012322194709295492,0.012308615893649873,0.011813064070746806,0.008726646259971648,0.008726646259971648,0.008726646259971648,-0.2981507291649879,-0.02145704794120112,11.832935187720095,0.991230941271289,-2.547796358122537,0.7484186318263909,0.10416405010591939,-0.2812556383527875,6.222243893700154,-0.0702944133288235,2.8338886421470697,-0.3484522325609051,0.16701725222435254,0.03821029613147728,-0.38394177048778283,-0.11196880934998424,0.4710848730292197,0.01195625109426504
22.955629062652587,0.053568605333566666,-0.14480608701705933,0.800000011920929,0.0,0.0,0.13075917959213257,0.0,0.0,0.0,0.0,0.0,0.0,0.11727657589179419,0.17686865126215423,-5.869106421057627,0.4023364943359947,-2.773093755290905,0.5079783527491332,0.011592037205202653,0.042890257657340745,-1.246324400194767,0.4050122211393266,-8.878630250792764,0.551231882280319,0.24682447354613096,-0.10388527580044234,0.41757336862562794,-0.128868556291842,0.42082253692745974,0.1313437821254503,0.5007286949427385,0.043747209312890764,0.02103920683443168,0.2587244180020893,-0.9643870225998976,-0.18524227338349475,0.0037136883007609007,0.0037339720271614826,0.003609766543926368,0.0017177676333174022,0.0017269037352081787,0.0017862336324774109,0.013435186405626924,0.01339423171763457,0.012845215536938154,0.008726646259971648,0.008726646259971648,0.008726646259971648,-0.2637700233435819,0.0006269257933554397,11.905504740901105,0.7446715204617532,0.17619496129032802,0.757439041759541,0.12954789765433677,-0.28075392706259655,6.286679789683255,0.1393777602216476,-3.000895694435976,0.39425484739080224,0.1932558682125643,0.04092081121661699,-0.382426643295301,-0.10102556496663351,0.4280290588510782,0.002700259829596052
23.005629062652588,0.053568605333566666,-0.14480608701705933,0.800000011920929,0.0,0.0,0.13075917959213257,0.0,0.0,0.0,0.0,0.0,0.0,0.11762398705479685,0.17897647820010779,-5.93072738034501,-0.48977709311774315,2.917333844047429,-0.4570631095240538,0.0023044093149037596,0.04142281986080021,-1.2185139713004784,0.3548747728374347,-8.96177841526859,0.5795406386330747,0.27037061858660777,-0.102269089404774,0.4181552281525681,-0.1148286815661895,0.36547681509933916,0.12312998861925842,0.4384265077892965,0.02062719181963958,0.002486861407077029,0.2409699675616825,-1.2431923976990797,-0.17767510610139026,0.004322835402887659,0.004343319158658399,0.004184473870234341,0.0017609774698314283,0.0017743706305195588,0.0018354545443674856,0.014547084638785008,0.014476518151124591,0.013871489068877632,0.008726646259971648,0.008726646259971648,0.008726646259971648,-0.22427727038478798,0.023643776068676015,11.971100864850586,0.6958958932132683,3.3636971027278593,0.7672549999870918,0.15274663153181092,-0.2812455676048818,6.348882608497578,0.18682951747973142,-2.608471652974853,0.34848139814212026,0.2168020132530411,0.04253699761228533,-0.38184478376836084,-0.09064764486869684,0.37196008084396814,-0.0060273685026509165
23.05562906265259,0.053568605333566666,-0.14480608701705933,0.800000011920929,0.0,0.0,0.13075917959213257,0.0,0.0,0.0,0.0,0.0,0.0,0.11755638276448306,0.18103970431107846,-5.990875823032741,-0.47435062459548255,2.4866386143042214,-0.3178862300847394,-0.0050085809274554105,0.04110622457802572,-1.1874237362087157,0.3022985431731185,-8.885551472672537,0.6083401928972079,0.29035941339623306,-0.10186900095952764,0.4178688835586305,-0.10003038244122986,0.2932812344815276,0.11585705852768276,0.35871815218307274,-0.005281767588783567,-0.013100743812684768,0.2550651994523609,-1.6229779354188063,-0.18054505484616412,0.004993684336434773,0.0050121815823687904,0.004816147422322162,0.0018069821288205167,0.0018232658228484076,0.0018869136574415116,0.01571313421056784,0.01561434239989715,0.014947184846366573,0.008726646259971648,0.008726646259971648,0.008726646259971648,-0.1760837376544023,0.03816648525788631,12.007767731511771,0.4451346965923571,7.7610979088931575,0.7689361142038987,0.17280303063175,-0.2829087052706061,6.408744706591371,0.2245720542159339,-2.2344591742693316,0.28481996826472034,0.2367908080626664,0.04293708605753169,-0.38213112836229846,-0.08061083162811856,0.29902342016441447,-0.013854913419924281
23.10562906265259,0.053568605333566666,-0.14480608701705933,0.800000011920929,0.0,0.0,0.13075917959213257,0.0,0.0,0.0,0.0,0.0,0.0,0.11718337087796428,0.18310525404439693,-6.049423920382557,-0.4449797390848607,2.0634446019865895,-0.19333213231427895,-0.009911894533295261,0.041515764754711755,-1.1545001577838936,0.23718425367775653,-8.589454489768217,0.6372238028721814,0.30622366746411234,-0.10285389245503194,0.4169027709697263,-0.08450128054249152,0.210148687377036,0.11004007194005758,0.27540296499024103,-0.0345267861911143,-0.025803638191779908,0.21682275505634194,-1.7266342273804762,-0.14668580191647662,0.005726165466061312,0.00574048596997642,0.0055044797752586755,0.0018557919077673247,0.0018731035989643038,0.0019392900683682858,0.0169001154404707,0.016779475492186512,0.016032077566924187,0.008726646259971648,0.008726646259971648,0.008726646259971648,-0.1228132676499993,0.06797745632591609,12.01098526911949,0.46427117541653706,10.281416579858723,0.6416524860396281,0.18904029658614807,-0.2859591464994289,6.466326691352283,0.2483257388192732,-1.8826221868908277,0.20865219820716643,0.25265506213054567,0.04195219456202738,-0.3830972409512027,-0.07055650323703705,0.2151149645201701,-0.020159976379002898
23.155629062652586,0.053568605333566666,-0.14480608701705933,0.800000011920929,0.0,0.0,0.13075917959213257,0.0,0.0,0.0,0.0,0.0,0.0,0.11663178139865907,0.18522854450038456,-6.106321816889118,-0.40659354956305666,1.6567874273119017,-0.08198153689358817,-0.012151684638914764,0.04341585348479916,-1.121415702478688,0.17302678812360817,-8.167341573315646,0.6597432314389396,0.3176777300507129,-0.10536052052966548,0.4152151004807317,-0.06921460686350127,0.11824933357386959,0.10555549635590541,0.1815417076593898,-0.06568953504856506,-0.041933949219479495,0.21288530202480202,-1.9228510490510085,-0.1443357844880785,0.006520337687212152,0.0065286317308183885,0.006249203892570194,0.001907513785457229,0.0019238480189618307,0.001991757199927253,0.018099863123979404,0.017968840924308886,0.01712065127720242,0.008726646259971648,0.008726646259971648,0.008726646259971648,-0.06269964486005997,0.10841620206608248,12.004836527667193,0.30795760489967605,13.531834137146845,0.6380054410210738,0.20104594865205386,-0.29058906503005005,6.52153691736985,0.256875696714863,-1.5591788886232778,0.12465572918252461,0.26410912471714626,0.03944556648739385,-0.3847849114401973,-0.061314217115254886,0.12246491204748423,-0.024999179181062103
23.205629062652587,0.053568605333566666,-0.14480608701705933,0.800000011920929,0.0,0.0,0.13075917959213257,0.0,0.0,0.0,0.0,0.0,0.0,0.11604334444256026,0.18749738782505196,-6.161573176557238,-0.36326504546806376,1.2740553376305164,0.017406422248778166,-0.011385793605037418,0.04733787950189506,-1.088638684246095,0.10105364404361207,-7.582707778998636,0.6820803077547718,0.32424911761540726,-0.10940907073626242,0.4127025180299569,-0.054520053408460896,0.018185969343300083,0.10086925953168782,0.08087628101326129,-0.09581334179337074,-0.05852252691885201,0.1626359638747776,-2.0507200590226273,-0.14888425963437213,0.007376018352002978,0.007377104361481224,0.007049699484886136,0.0019619813925324603,0.001975372591159298,0.0020434116800060126,0.01930442202433257,0.019179619019184847,0.018199163925897415,0.008726646259971648,0.008726646259971648,0.008726646259971648,0.004480286372058728,0.1480864584991636,11.991754447370228,0.5338392761573132,16.35103374734396,0.7201494514180508,0.208205773172847,-0.29690645856131437,6.574275694587195,0.25147487963356835,-1.27006136091531,0.03670449694767814,0.2706805122818406,0.0353970162807969,-0.38729749389097207,-0.053194839061407206,0.02170067604588493,-0.029853945667508736
23.255629062652588,0.053568605333566666,-0.14480608701705933,0.800000011920929,0.0,0.0,0.13075917959213257,0.0,0.0,0.0,0.0,0.0,0.0,0.11557717695219547,0.1900119202711155,-6.2152020379141,-0.31825098701235643,0.9229079503134833,0.10582172341423782,-0.0072609060095540886,0.05324341834064504,-1.05651577002835,0.040374583526498,-6.85711400417177,0.7085245845904529,0.32570137120146964,-0.11486801020158957,0.40941761669040433,-0.042162013148115185,-0.08589907417574728,0.0964147960282194,-0.023403988805539983,-0.12176068534029928,-0.07207735977401551,0.12261187425466184,-2.116898534276272,-0.1423127010887025,0.008293125530883058,0.008286863305587094,0.007905131707430726,0.0020188663289342056,0.00202776615538529,0.002093697341621622,0.020517818741018774,0.02042071803869001,0.019265985038341173,0.008726646259971648,0.008726646259971648,0.008726646259971648,0.08469181436204783,0.1743657461277133,11.977187112567762,0.7704475893703508,18.87748986456473,0.6167934600369702,0.21012419424927417,-0.30487993047270506,6.624619654604504,0.23108599519235448,-1.0182369869368564,-0.05047909594966012,0.27213276586790297,0.029938076815469755,-0.3905823952305246,-0.04766782807232261,-0.08293287775690553,-0.034244649470213454
23.30562906265259,0.053568605333566666,-0.14480608701705933,0.800000011920929,0.0,0.0,0.13075917959213257,0.0,0.0,0.0,0.0,0.0,0.0,0.11541751825159234,0.19285457876865222,-6.267242962728577,-0.2742611852915738,0.6100328207960816,0.18410705058922572,0.0008745579854287514,0.06046292156082252,-1.0251212225507285,-0.008474061329964026,-6.005197423483862,0.7298010618570798,0.3218561236781868,-0.12153470392557224,0.40557446179595236,-0.0313719448777713,-0.19398467715881623,0.09195613590220851,-0.12978877335352856,-0.14429589772204562,-0.08102288658856607,0.09214699687333945,-2.1797867647263627,-0.13594820397412433,0.009271404267435798,0.009259044998030144,0.008814209659008601,0.002077554195500946,0.002080933978717915,0.0021420061301560054,0.02173392622478844,0.021690356132515087,0.020310626842618702,0.008726646259971648,0.008726646259971648,0.008726646259971648,0.1692596798239381,0.2040670186656367,11.947066101781424,0.9966412072597595,20.0,0.6488449565081454,0.20643860542659442,-0.31438928269422445,6.6728174245245295,0.19871601561022587,-0.8097782617718523,-0.1323418769491459,0.2682875183446201,0.02327138309148709,-0.3944255501249766,-0.043965680245546576,-0.191464673146146,-0.038382216445837745
23.35562906265259,0.053568605333566666,-0.14480608701705933,0.800000011920929,0.0,0.0,0.13075917959213257,0.0,0.0,0.0,0.0,0.0,0.0,0.11577034258256572,0.19609533901787024,-6.3177518114326565,-0.2337154270451053,0.3400007285133293,0.2534690100864538,0.013238415253506164,0.06916748840789619,-0.9952327256124239,-0.04601302529195546,-5.097155336024191,0.7526801139472656,0.31285647143996587,-0.12919071504107574,0.4013696128246105,-0.023737765972080962,-0.3010145567281043,0.08778736512067757,-0.22883722849884494,-0.16033362984518043,-0.08672958823867485,0.006799295077940263,-2.1419192186448197,-0.10798192816292895,0.010310291148854267,0.010294824930152354,0.009775099130110494,0.0021371971893484336,0.002135061821135383,0.002188453858112147,0.02295874561036521,0.022997232815361177,0.02133540478189535,0.008726646259971648,0.008726646259971648,0.008726646259971648,0.26153819151778784,0.2263956504971235,11.897339598812271,1.5318171387287973,20.0,0.574214443875779,0.19708612885740015,-0.32528605405894595,6.719121424257267,0.15640957993083487,-0.6435377492616726,-0.20579671475631112,0.2592878661063992,0.015615371975983589,-0.3986303990963185,-0.043342404961089376,-0.2987458918521639,-0.041977275459255906
23.405629062652586,0.053568605333566666,-0.14480608701705933,0.800000011920929,0.0,0.0,0.13075917959213257,0.0,0.0,0.0,0.0,0.0,0.0,0.11685670791656018,0.19979923839923103,-6.366828393418529,-0.19810948323410638,0.11429549624832448,0.31540685767501153,0.030216198106274926,0.07898848684654353,-0.967830553822579,-0.056793192680493855,-4.189113248564583,0.7718276404058316,0.299062571392946,-0.1374611707661085,0.39685268458681305,-0.019202355075518245,-0.40859930071078976,0.08475909215490626,-0.32083257652271124,-0.16928787702355463,-0.09505666383431785,-0.038029327523986065,-2.104791962251387,-0.05954524176633013,0.011408857719023864,0.011395248235111522,0.010785535902440104,0.0021969870074853956,0.002190002486003056,0.0022327020186170853,0.024178749721856265,0.02432987514960363,0.02232985229137418,0.008726646259971648,0.008726646259971648,0.008726646259971648,0.33565152331679987,0.23574346930838774,11.85824834059523,1.931233517645341,20.0,0.4649714913788303,0.18220586347638584,-0.3372604091653395,6.763681078005342,0.10711711267488079,-0.5220820749161835,-0.26903802664569676,0.24549396605937934,0.007344916250950823,-0.4031473273341159,-0.045846188599475715,-0.40638165580673224,-0.04417252258694389
23.455629062652587,0.053568605333566666,-0.14480608701705933,0.800000011920929,0.0,0.0,0.13075917959213257,0.0,0.0,0.0,0.0,0.0,0.0,0.11888460405794198,0.20400587247603855,-6.414583730887683,-0.16828533969841672,-0.06694387022291146,0.3712664024769234,0.05089964754899555,0.08927687622575477,-0.9423829449435842,-0.04760254112320555,-3.2810711611049115,0.7855130192395515,0.28102937172125264,-0.14600985464543847,0.39178428052461006,-0.016834758948347194,-0.5092553543205399,0.08444952418926267,-0.39751011135732334,-0.17139532912473035,-0.10857930034773418,-0.029864625569409813,-1.885301846417835,0.02067603662810136,0.012566338463606799,0.012561730902162359,0.011843393437162753,0.0022551946764251293,0.002245584096243096,0.0022750427889481426,0.025382435985819782,0.02567592485242572,0.02328059958092859,0.008726646259971648,0.008726646259971648,0.008726646259971648,0.4000040227763638,0.23289948555035347,11.87031251113196,1.9494067524785954,20.0,0.2694689885893124,0.16214476766331065,-0.350015727121477,6.806368011412293,0.0558977927292907,-0.4379612198450888,-0.32014386101952386,0.22746076638768598,-0.0012037676283791487,-0.4082157313963189,-0.05005875568094348,-0.5069537696475693,-0.04346953518556757
23.505629062652588,0.053568605333566666,-0.14480608701705933,0.800000011920929,0.0,0.0,0.13075917959213257,0.0,0.0,0.0,0.0,0.0,0.0,0.12202711329578426,0.20872337104210908,-6.4610516076997175,-0.14545451919063812,-0.2036565673722136,0.4220927592257516,0.07480072196469442,0.0994230664170643,-0.9163321275377528,-0.03750322782425451,-2.37302907364524,0.7894232729337953,0.2596315811105124,-0.1545337006146704,0.3859306205362639,-0.01478712591410813,-0.5959575461080917,0.08833381248315425,-0.45421462772882254,-0.16861095375075033,-0.12586634422514453,0.001579692120572366,-1.5437293878647902,0.10007391823017942,0.013781661968303474,0.013795298920697826,0.012946146253822514,0.002310943003471518,0.0023020884761985553,0.0023167058529737295,0.026587094934793755,0.027046101712974016,0.024204574582759868,0.008726646259971648,0.008726646259971648,0.008726646259971648,0.4329715722629343,0.22624264498552635,11.935547125014372,1.8211244357046044,20.0,0.06506897249294048,0.13760446781472813,-0.36325707165677945,6.846982228235982,0.009624061163582515,-0.3845129445388221,-0.3595790935977842,0.2060629757769457,-0.009727613597611068,-0.41406939138466503,-0.0536765864156307,-0.5935561526766512,-0.038531605918249626
23.55562906265259,0.053568605333566666,-0.14480608701705933,0.800000011920929,0.0,0.0,0.13075917959213257,0.0,0.0,0.0,0.0,0.0,0.0,0.12640588569126973,0.21393985806703908,-6.506135400374108,-0.13122342146416704,-0.29590804223191214,0.46845661115478693,0.10035017385472184,0.10923641458013247,-0.8870195794378009,-0.03381803036400312,-1.4649869861855684,0.7831135258232205,0.235997281430264,-0.16280136189698674,0.37923296412314644,-0.013603639694926648,-0.6624434866259999,0.09567987743019393,-0.48713030548875574,-0.1614266604860105,-0.14094445033752007,0.0025928801810167434,-1.0993005705621361,0.16601431655052468,0.015054023512983867,0.015096813268010259,0.01409139751973597,0.002363707392259526,0.0023596104352587507,0.002358929117829172,0.027810375879694153,0.02844658187088035,0.025115921058896394,0.008726646259971648,0.008726646259971648,0.008726646259971648,0.45068714718952346,0.21862743378720068,12.026543304462278,1.9176196743826637,20.0,-0.13593605785635687,0.10959139573899426,-0.3767412199640258,6.885368364497254,-0.027385398638400605,-0.3553696506255596,-0.3910610044609149,0.18242867609669733,-0.017995274879927414,-0.4207670477977825,-0.05683359934048514,-0.6599024190220415,-0.03026281021096104
23.60562906265259,0.053568605333566666,-0.14480608701705933,0.800000011920929,0.0,0.0,0.13075917959213257,0.0,0.0,0.0,0.0,0.0,0.0,0.1320842751499148,0.21963749348612457,-6.5496398204191895,-0.1268636634723072,-0.3437455172991972,0.5105135995537086,0.12678540449107872,0.11866900218328436,-0.8531572223654535,-0.02530807096984869,-0.5569448987258968,0.7667535271951805,0.2112161491825038,-0.17063224647230102,0.37194658471106057,-0.013193482741007104,-0.706403578710738,0.10636184614347961,-0.5003273434716325,-0.15152043520569825,-0.15020919699618152,0.06927943322994026,-0.642463685207928,0.23630322596036785,0.01638387632464848,0.01646773868486211,0.015277785839857354,0.0024134054977825777,0.0024177720197494533,0.0024022993274606234,0.029050791794013278,0.029863891770392233,0.02601275569000041,0.008726646259971648,0.008726646259971648,0.008726646259971648,0.44742482455808674,0.2124188206978693,12.133022792303745,1.5604014090637555,18.829818941941742,-0.33562687662110924,0.079131874032589,-0.3902697399584256,6.92158640513025,-0.052031153919069505,-0.34842241785418765,-0.4175679777173351,0.15764754384893714,-0.025826159455241693,-0.4280534272098684,-0.05928828129478233,-0.7036941857403595,-0.01891579684277712
23.655629062652586,0.053568605333566666,-0.14480608701705933,0.800000011920929,0.0,0.0,0.13075917959213257,0.0,0.0,0.0,0.0,0.0,0.0,0.13908034823708793,0.22579899751900556,-6.5913180232508495,-0.13332927483663676,-0.3487205557644181,0.5480407407765483,0.1530575189958619,0.127791159131969,-0.8139708909010356,-0.034659024841639255,0.2925881358308007,0.7404089876289047,0.18644144827498937,-0.17788834460609493,0.36424919386188054,-0.012666424199863512,-0.7233602055670293,0.12097973686653275,-0.4864160656641011,-0.1377825053472678,-0.1572172118696054,0.10551006020875815,-0.06618769530983952,0.2846096376844679,0.017772006134568395,0.017909033714574894,0.016504510986809544,0.0024605526415303444,0.0024766547859959164,0.002448217939443413,0.030321840313131492,0.031296620288845015,0.026914549468983265,0.008726646259971648,0.008726646259971648,0.008726646259971648,0.4308630195868434,0.20146317941158795,12.25983255303677,1.4062578812489621,14.577302198167787,-0.5265352093123488,0.04736110003790145,-0.4036873421251005,6.95556721711273,-0.06035412400005519,-0.3583959976819929,-0.4405605900644086,0.1328728429414227,-0.0330822575890356,-0.4357508180590484,-0.0598601752605286,-0.7205238566712239,-0.004030266579470033
23.705629062652587,0.053568605333566666,-0.14480608701705933,0.800000011920929,0.0,0.0,0.13075917959213257,0.0,0.0,0.0,0.0,0.0,0.0,0.1473693247932867,0.2324029148477134,-6.630878397308376,-0.15017288638676263,-0.3176653836366141,0.5807730109683921,0.17850154325208475,0.13636553401634025,-0.7684440713999635,-0.05171715510417027,0.9294953331988579,0.7045190314280649,0.16291005859454613,-0.18431457196574152,0.3562735924684477,-0.013363075630209815,-0.7123494984778326,0.13708246847092984,-0.4511874451911311,-0.11834765185071078,-0.16125175925715998,0.10307857813211325,0.47446710552243204,0.31841545505011426,0.019220205166932618,0.01942173910712467,0.017771953395914336,0.002506381960659218,0.0025364546720139814,0.002498204763541549,0.031649631725406975,0.032757928533606276,0.027855627395294486,0.008726646259971648,0.008726646259971648,0.008726646259971648,0.39751597490163826,0.1861163225046966,12.37590727581451,1.5700787270521517,10.135316353018919,-0.6410041074215753,0.015540733801259421,-0.4167174868134549,6.987151989776823,-0.05299093566446239,-0.3775321666424886,-0.46233773446163035,0.10934145326097947,-0.0395084849486822,-0.44372641945248126,-0.05982546796837957,-0.7093734733150251,0.011896747619857527
23.755629062652588,0.053568605333566666,-0.14480608701705933,0.800000011920929,0.0,0.0,0.13075917959213257,0.0,0.0,0.0,0.0,0.0,0.0,0.15688881875644015,0.23941636734950617,-6.668017336987376,-0.17478498018858532,-0.26119888585237916,0.6088181829030677,0.20227821527404735,0.1441725660553669,-0.7171135157600043,-0.060584243076541686,1.3443032383094686,0.6629056303217638,0.14171991831771877,-0.18960743345354986,0.34817737800112014,-0.01735153341244911,-0.6778896539404329,0.1538105216299062,-0.3927865270206644,-0.09265390045100315,-0.16222251463920334,0.08736624987693671,0.8759128221419237,0.33679627580130445,0.02073110268920901,0.02100681565469594,0.019081622839545034,0.0025519549566739757,0.0025968820850957074,0.002552624313087132,0.033035256941556373,0.03423880841489137,0.02884048133067295,0.008726646259971648,0.008726646259971648,0.008726646259971648,0.35323340768620143,0.1648646058820596,12.468442369139469,1.8125082168180298,6.362883384778439,-0.7541110719401896,-0.015168900438721378,-0.429023800803056,7.016194714988496,-0.034433525653170496,-0.39926141337733984,-0.48188827711060833,0.0881513129841521,-0.04480134643649053,-0.4518226339198088,-0.06154153334751605,-0.6746334518376521,0.028095379057985388
23.80562906265259,0.053568605333566666,-0.14480608701705933,0.800000011920929,0.0,0.0,0.13075917959213257,0.0,0.0,0.0,0.0,0.0,0.0,0.16754179311167244,0.24679360680747198,-6.702474080017721,-0.20389531522631407,-0.18918158465522594,0.63249119350281,0.22384075893523805,0.1509170122632617,-0.661156205453797,-0.05732985656061903,1.5704894950080526,0.6156368809895317,0.12394416942894484,-0.19355070070063432,0.3400775020229633,-0.02356513423302254,-0.6258761640789472,0.17105956197312264,-0.3152527869716453,-0.064818300698908,-0.1607826575905175,0.0693962615904415,1.1929448017027757,0.3696942846246992,0.022307765160940813,0.022664982296745448,0.02043580652963198,0.0025985405663030282,0.0026580587398134163,0.0026115923890840504,0.03448985370809585,0.0357474032468074,0.029886562114971697,0.008726646259971648,0.008726646259971648,0.008726646259971648,0.2983635498939428,0.14222878795724647,12.536273870517253,2.0388074101643303,2.9668258812325794,-0.8449792111213271,-0.0435976236827276,-0.44034430750810627,7.0425515820406845,-0.00753668268789224,-0.4198458607757013,-0.4975065606301249,0.07037556409537818,-0.048744613683574994,-0.4599225098979657,-0.06432902062382759,-0.6222628141301582,0.04459788922130976
23.85562906265259,0.053568605333566666,-0.14480608701705933,0.800000011920929,0.0,0.0,0.13075917959213257,0.0,0.0,0.0,0.0,0.0,0.0,0.17920430732772397,0.2544797738034265,-6.734048168156034,-0.23431891617648418,-0.11016020685906314,0.652241341656284,0.2426598097068158,0.15652966757491582,-0.6018073200787006,-0.04276051037738118,1.6268728765293412,0.5638247246982429,0.11051033819562424,-0.19605091072598152,0.33226136347976387,-0.03255796658435981,-0.5583542326188118,0.18906356462500318,-0.2194607051971369,-0.03466426281047659,-0.14984217457208326,0.03769564675064925,1.4960620769408128,0.3995678345629011,0.02395441095133933,0.02439777622473663,0.021837876535867735,0.002646371018043062,0.002719666259778776,0.0026747288112761373,0.036012528117758576,0.037282648902910186,0.030984052018441923,0.008726646259971648,0.008726646259971648,0.008726646259971648,0.23503086300038512,0.12247292030213472,12.562894283123871,2.3522838087224187,-0.8852269548090714,-0.9567237313114038,-0.06869396913209973,-0.45053068452940803,7.066309531635797,0.024180949533243522,-0.4326157778630668,-0.5070982207657682,0.05694173286205757,-0.051244823708922194,-0.4677386484411651,-0.06887267949141133,-0.5542721062088651,0.06172641343139953
23.905629062652586,0.053568605333566666,-0.14480608701705933,0.800000011920929,0.0,0.0,0.13075917959213257,0.0,0.0,0.0,0.0,0.0,0.0,0.19172860822373652,0.2624218787303943,-6.762621536509831,-0.26260236126276687,-0.032725597105157454,0.668824166950502,0.2583122261337145,0.161154529503814,-0.5411274140732776,-0.012517344266240842,1.4906536162485542,0.5064253423974541,0.10223633026768864,-0.19696188529268394,0.3252402214067928,-0.04398288367503527,-0.47563548725294613,0.20714035003311035,-0.11000520538225153,-0.0013601860164384023,-0.1304425514901652,0.043555721611458896,1.7849827864456562,0.40311670209450917,0.02567541353284955,0.02620669237117613,0.02329133355070508,0.0026963529667029195,0.0027820513110326794,0.002742265648586463,0.037616548513550126,0.0388625031406302,0.03215043115618105,0.008726646259971648,0.008726646259971648,0.008726646259971648,0.152067285677233,0.10039986730713414,12.539955203217458,2.403246744805353,-4.490649752166383,-1.0104188956027889,-0.08949227795604789,-0.45938376402307823,7.087861757916624,0.05807122914773742,-0.4292970597639313,-0.509930502459168,0.04866772493412197,-0.05215579827562461,-0.47475979051413614,-0.07484640073272031,-0.4710081116452921,0.0788732953623297
23.955629062652587,0.053568605333566666,-0.14480608701705933,0.800000011920929,0.0,0.0,0.13075917959213257,0.0,0.0,0.0,0.0,0.0,0.0,0.204931825469441,0.27056763543756385,-6.788189583413243,-0.28530231854784355,0.03424271831984778,0.6833664742818624,0.26981646369445667,0.1646757387829625,-0.48159446206317086,0.02027396864904841,1.1741632160998894,0.4463412018820919,0.09964013422030667,-0.19617399103957778,0.3192165516283643,-0.05543518655283745,-0.38211857038456687,0.22457223410879892,0.007638280196318514,0.03309909727188188,-0.11028998430767331,0.06966843129964713,1.9382342466261766,0.40395139855826245,0.027474289388991786,0.028092529382743873,0.0247994459425824,0.0027488363408206297,0.002844909639550811,0.0028127136588286224,0.03927767942290285,0.04047270155181224,0.03336890319566557,0.008726646259971648,0.008726646259971648,0.008726646259971648,0.09833384326810285,0.07508186179701912,12.462677487775887,2.199861431349201,-7.515664274147251,-1.0665297078354157,-0.10529169124913433,-0.4667416264771416,7.107406135041607,0.09202303192783257,-0.4057614278149212,-0.5064177508692657,0.04607152888674,-0.05136790402251845,-0.48078346029256464,-0.08014144240674698,-0.37702054557470205,0.09543915401347948
24.005629062652588,0.053568605333566666,-0.14480608701705933,0.800000011920929,0.0,0.0,0.13075917959213257,0.0,0.0,0.0,0.0,0.0,0.0,0.21864308779017116,0.27885780510180314,-6.810877579860452,-0.2998277616983935,0.0826819262792334,0.6971647994133814,0.2786340291347423,0.1669310477866052,-0.42592539582514277,0.042896015891529915,0.7064220898521789,0.3834515207550984,0.10316447387368971,-0.19363655183794576,0.3142287173467268,-0.06693527403075233,-0.2796662518219457,0.24087422692181754,0.13505172491822154,0.06874391246729565,-0.08887903814012886,0.05650251777740363,2.1448461183455367,0.38388895196402417,0.029355258692839933,0.03005719226921571,0.026366121667651274,0.002803938184899321,0.002908070865522388,0.0028846473798431376,0.040984382289604625,0.042110764075276155,0.03462265721145885,0.008726646259971648,0.008726646259971648,0.008726646259971648,0.03930164981706609,0.052348522317703955,12.367204029687871,2.3156450345228357,-11.180577662435397,-1.0525486745009913,-0.11547861391648145,-0.4724943569397489,7.125106297207179,0.12346530398585406,-0.3554266245992135,-0.4975856431919702,0.049595868540123045,-0.04883046482088643,-0.48577129457420215,-0.08490046065711057,-0.2741684876210133,0.11101591073359418
24.05562906265259,0.053568605333566666,-0.14480608701705933,0.800000011920929,0.0,0.0,0.13075917959213257,0.0,0.0,0.0,0.0,0.0,0.0,0.23272143814110183,0.2872323235418754,-6.830901464818369,-0.30333821368418923,0.10454025178164754,0.711683686767245,0.284499984902476,0.16804968981628213,-0.3750300024915155,0.07130724329269322,0.05543529419005866,0.32126089129482616,0.11327288332115247,-0.18926600201260324,0.3103631646691842,-0.08027132582155841,-0.16762373583938406,0.2550288653090616,0.2693383685634736,0.10569168397489805,-0.06587856292358212,0.05138032769671922,2.2650103950077947,0.35995671380702393,0.03132147714774461,0.032101976184045984,0.027994214481109184,0.002862027771067487,0.0029717089204071684,0.0029570553396658923,0.04273443942706606,0.04378564047282635,0.0359059326888228,0.008726646259971648,0.008726646259971648,0.008726646259971648,-0.04705647374086765,0.020945249152503318,12.237126077888075,2.331767502782361,-14.138751558627304,-1.0367328321572231,-0.11944855481994936,-0.47649832555447863,7.141264629487552,0.14929695835320111,-0.26851319944319724,-0.485671267128981,0.059704277987585805,-0.044459914995543914,-0.4896368472517448,-0.09086280586957153,-0.16168601673414604,0.124645650716868
24.10562906265259,0.053568605333566666,-0.14480608701705933,0.800000011920929,0.0,0.0,0.13075917959213257,0.0,0.0,0.0,0.0,0.0,0.0,0.24698513862597174,0.295623519991975,-6.848543177549354,-0.29254750382950917,0.0920056847251517,0.7282626020987967,0.286048034492313,0.167598168187699,-0.3306385067478782,0.1005245941068328,-0.743460196281659,0.2598610539517423,0.13014870511669738,-0.18309816243465524,0.30757770145991403,-0.09427783528455003,-0.0501570993282958,0.2670371520267647,0.405551059588748,0.1409514317239131,-0.046304933283114316,0.03952558590813255,2.3964630205800668,0.3392139400796652,0.03337550319465568,0.03422832981429068,0.029686033128235263,0.002923291614194556,0.0030358522044261708,0.0030281742712969808,0.04451087996407945,0.04549379003470211,0.03720418647843504,0.008726646259971648,0.008726646259971648,0.008726646259971648,-0.1305340518103106,-0.0033870020973158776,12.106322933421112,2.377549847073148,-17.46648662857453,-1.017504649200489,-0.11683643350927436,-0.47872168242663027,7.1561208790092685,0.16757370509256858,-0.1410241859138409,-0.4732000643785397,0.07658009978313071,-0.03829207541759591,-0.4924223104610149,-0.09713937304660973,-0.04379402516559026,0.13640204595634056
24.155629062652586,0.053568605333566666,-0.14480608701705933,0.800000011920929,0.0,0.0,0.13075917959213257,0.0,0.0,0.0,0.0,0.0,0.0,0.26122189461774575,0.30396172504658264,-6.86412881942374,-0.2641132275626104,0.0376937433040164,0.7476616961965804,0.28342220517867794,0.165930033996625,-0.2927871682275918,0.13203106213550955,-1.708742440250672,0.19942262575649944,0.15376340686681975,-0.1751732168292319,0.305616565396297,-0.10935609484574572,0.06992322684494644,0.27712519375520706,0.5372696320116043,0.17576548301350267,-0.033213855026132624,0.008992609566917456,2.3629426130202194,0.3039052407213484,0.03551898736934216,0.03643765862714333,0.031443073908568216,0.0029870648075269795,0.0031003220262214365,0.003096184951413032,0.046290695188950445,0.0472249102898217,0.03849199891752495,0.008726646259971648,0.008726646259971648,0.008726646259971648,-0.2067984671412405,-0.033495588046405476,11.987802427905951,2.6163002588674917,-19.399485202784135,-0.9694126719018122,-0.10745848775092601,-0.4791349418758145,7.169745384820038,0.1758570187110034,0.03244137035046893,-0.46286771754970674,0.10019480153325308,-0.030367129812172572,-0.49438344652463195,-0.10431283173223865,0.07674085966373678,0.14654932602477203
24.205629062652587,0.053568605333566666,-0.14480608701705933,0.800000011920929,0.0,0.0,0.13075917959213257,0.0,0.0,0.0,0.0,0.0,0.0,0.2752320286246753,0.3121788876592008,-6.877970045004007,-0.21452770880243857,-0.06438806543215776,0.7695738006973445,0.27698315509849614,0.1627564705080964,-0.26086185498306086,0.17547505075390588,-2.770674612930235,0.14138879642618618,0.1837653549007166,-0.16554693985247973,0.3041487550906778,-0.1249449474213702,0.1878373177121837,0.2844241771201908,0.662150643123917,0.2090272176056339,-0.026719246441481846,0.001183274375648983,2.364911235227861,0.2587690572210585,0.03775247241208399,0.038731149355806446,0.03326568921392361,0.0030529536625546897,0.003165421096217101,0.0031604745686452363,0.04807307017113204,0.04898665827334516,0.03976526031032101,0.008726646259971648,0.008726646259971648,0.008726646259971648,-0.28937461416407867,-0.06192740032786942,11.892915618703304,2.6780624428075597,-20.0,-0.8992123276826626,-0.09146667372395867,-0.4777258275116806,7.182118800094685,0.17199717019250096,0.2538723306319541,-0.45877809155885974,0.13019674956714994,-0.020740852835420404,-0.49585125683025116,-0.11213724893739957,0.1951313372014982,0.15421904019417548
24.255629062652588,0.053568605333566666,-0.14480608701705933,0.800000011920929,0.0,0.0,0.13075917959213257,0.0,0.0,0.0,0.0,0.0,0.0,0.2888169899438172,0.3202018323320407,-6.89033361343355,-0.14115447676606133,-0.21688798301424536,0.7921300798847132,0.26641529766717237,0.15816131640549458,-0.2336808821986623,0.22200714856930565,-3.862632525470592,0.08686498430683046,0.2198564896023576,-0.15428458568449036,0.3028213956841745,-0.14120404612002035,0.3052549826532336,0.289568832690599,0.7789260584487375,0.24095505582127838,-0.02785419176567417,-0.04088250218845834,2.2945932284891097,0.22700476482012827,0.04007600784652739,0.041110212929061786,0.03515339275473828,0.0031197251834411055,0.003230942556692968,0.0032201555812732823,0.04984022742084652,0.050768361072702495,0.04100135456833434,0.008726646259971648,0.008726646259971648,0.008726646259971648,-0.37292063689716193,-0.09096537313843414,11.82203292446492,3.063493271275575,-20.0,-0.8304538859027711,-0.06896050034145962,-0.474486418016531,7.193155009117724,0.15573085242400683,0.5278310825767432,-0.46229516591386843,0.16628788426879093,-0.009478498667431029,-0.49717861623675447,-0.12066236481159161,0.31305812718981335,0.1600423434020242
24.30562906265259,0.053568605333566666,-0.14480608701705933,0.800000011920929,0.0,0.0,0.13075917959213257,0.0,0.0,0.0,0.0,0.0,0.0,0.30176912586297655,0.3279587218337373,-6.901426736591672,-0.04177574945018932,-0.41994300669899154,0.8119778477842992,0.2516701390991944,0.1521142636623645,-0.21004404412618294,0.2878107878081065,-4.954590438010949,0.03577909427646935,0.2613501068862729,-0.14149712580959412,0.3012251812954692,-0.15882207470335796,0.4139903009360962,0.2924606992587375,0.8773599339978517,0.2701021492529972,-0.03738718498659533,-0.0963391396227276,2.0704793104079147,0.13645327789271222,0.04248887698685114,0.043576192484681274,0.03710480564608722,0.0031860780732714364,0.0032971133873133285,0.003275598329180891,0.05159198626126793,0.052572954496333514,0.042198429428940025,0.008726646259971648,0.008726646259971648,0.008726646259971648,-0.4282180382631164,-0.10450794206094972,11.802400426895092,3.5237851728680494,-20.0,-0.6590635621981391,-0.040419018976703636,-0.4694558476433314,7.202651917887141,0.12188231851902451,0.8474549000027707,-0.47587936864443137,0.20778150155270625,0.003308961207465211,-0.49877483062545974,-0.13110777960625178,0.4224261835268712,0.1638470233987265
24.35562906265259,0.053568605333566666,-0.14480608701705933,0.800000011920929,0.0,0.0,0.13075917959213257,0.0,0.0,0.0,0.0,0.0,0.0,0.31391488210202956,0.33539633048712425,-6.911362558468132,0.0862584741720932,-0.6725440162091488,0.8246597738994509,0.23416011046291865,0.14539008247310864,-0.18738883093219505,0.3766290221265313,-6.046548350551306,-0.0067372795686600345,0.30727842991567594,-0.12732431364222357,0.29890387125313916,-0.1761375663920802,0.5104474030208871,0.2899274937637068,0.9561148375366646,0.2958409049657165,-0.057289866151655794,-0.03938694251803514,1.7996385463621996,0.018758680201414697,0.04498976715275679,0.04613024171921105,0.03911784566325708,0.0032506566376414273,0.003364107775686247,0.003327647386328635,0.053326000488913866,0.054395703374754724,0.04335653702043988,0.008726646259971648,0.008726646259971648,0.008726646259971648,-0.48110301599642474,-0.13850436479012423,11.824299464079346,3.214880323250853,-20.0,-0.3788317459487564,-0.006636452186353614,-0.4627206441293478,7.210266429721271,0.06593694510827833,1.2083431179388318,-0.5041380445295403,0.2537098245821093,0.017481773374835752,-0.5010961406677898,-0.14205964527493792,0.5195750652544964,0.16235523397333146
24.405629062652586,0.053568605333566666,-0.14480608701705933,0.800000011920929,0.0,0.0,0.13075917959213257,0.0,0.0,0.0,0.0,0.0,0.0,0.32511903068710135,0.34245523455263643,-6.9201382458884115,0.2449758341516364,-0.9737258073617407,0.8243145357805838,0.2140058329399789,0.13696608014739461,-0.16363866587899617,0.45000201396409095,-7.138506263091585,-0.03524206260131806,0.35659059953183364,-0.11204448306717776,0.29536940490961117,-0.18749227580859562,0.5877089842276862,0.2826790779824772,1.011646857518226,0.31307487430486497,-0.08465989366277261,0.08872157754274253,1.2881693014052293,-0.05086555006420267,0.04757698512248661,0.04877319124537714,0.04118998885864089,0.0033117701694800514,0.003431808010895964,0.003377412557230003,0.055043670347054624,0.05623105718978852,0.04447115112320596,0.008726646259971648,0.008726646259971648,0.008726646259971648,-0.510433543981225,-0.16599384148612403,11.897536528212816,2.2636528279202834,-20.0,-0.2218167313274559,0.03147156884473229,-0.4544997176198142,7.215507650798022,-0.016513992206511265,1.6004918331555793,-0.5484797407941551,0.303021994198267,0.03276160394988156,-0.5046306070113178,-0.14833728186950165,0.5972628930700264,0.15608560687423736
24.455629062652587,0.053568605333566666,-0.14480608701705933,0.800000011920929,0.0,0.0,0.13075917959213257,0.0,0.0,0.0,0.0,0.0,0.0,0.3352788022360459,0.34905857665599344,-6.927634878725865,0.43511829928456325,-1.3227438804654805,0.8020067292609594,0.1923850290177977,0.12716760398687998,-0.136226647619122,0.47581363103512664,-8.230464175631942,-0.055896094902912974,0.4081823204316818,-0.09622746288137815,0.290454368330996,-0.18947229576293337,0.6426700599535662,0.27245609229680773,1.049547027060718,0.31803131718770644,-0.11274410379385225,0.19280662806602364,0.9233199724104784,-0.09214110719477786,0.05024959766130584,0.05150628149161935,0.04331893742451938,0.0033693345622456475,0.0035004265406579542,0.003426785184312035,0.05677136946765331,0.05809274836934777,0.045563173536561606,0.008726646259971648,0.008726646259971648,0.008726646259971648,-0.5291882209532036,-0.17773714233371898,11.98698216678815,1.4220566931840208,-18.70052934591766,-0.0840792541788365,0.0729035181956359,-0.44528603953737156,7.218089247056861,-0.13278423489170862,2.017583486813403,-0.6060658631015607,0.3546137150981151,0.048578624135681175,-0.5095456435899329,-0.14674167375183506,0.6521725433105873,0.14661686400946047
24.505629062652588,0.053568605333566666,-0.14480608701705933,0.800000011920929,0.0,0.0,0.13075917959213257,0.0,0.0,0.0,0.0,0.0,0.0,0.3443340902426664,0.35515731582526516,-6.9336491036021055,0.6566569789585849,-1.7165466913129823,0.7444800534515215,0.16982649124701754,0.1167819627839856,-0.10434234743048106,0.45954544136934855,-9.257448555468182,-0.06966325334707682,0.4610514224615719,-0.0804283476686803,0.2839711687305908,-0.18444567707845314,0.6749786540226554,0.2597095754150398,1.0585534766565683,0.31191624897971304,-0.147663235033365,0.2771028943995568,0.3052317912672096,-0.14630078746168512,0.053007611724073284,0.05433119829679597,0.04550331553227853,0.0034236834366900143,0.0035698093063808666,0.003477052667820695,0.058502694874955144,0.05996392436173518,0.046642751218310415,0.008726646259971648,0.008726646259971648,0.008726646259971648,-0.5352704073191201,-0.1780555233047401,12.136306169007925,0.7082049428924949,-14.28462786804333,0.1593978225610712,0.11671733221890546,-0.43558566349394545,7.217620272332696,-0.29910386008408396,2.455552948671048,-0.6662268844834404,0.4074828171280052,0.06437773934837902,-0.5160288431903381,-0.13965039566602958,0.6841035428029669,0.13432027251413367
24.55562906265259,0.053568605333566666,-0.14480608701705933,0.800000011920929,0.0,0.0,0.13075917959213257,0.0,0.0,0.0,0.0,0.0,0.0,0.3522538486277905,0.3607363749581784,-6.937882458466139,0.9075224088874672,-2.144991991504964,0.6343562515557462,0.14696384415794156,0.10638040253254016,-0.06499184713085127,0.4075846641889937,-10.063637861410701,-0.07125655795424511,0.5134496298288982,-0.06521617474539894,0.27569195913144434,-0.17085510532861856,0.6740340831063344,0.2475570105444843,1.0330229590073392,0.2946180041947331,-0.1826248864722089,0.37036929217050457,-0.35453513527848035,-0.1278629775477786,0.0558509543765652,0.05724890417952441,0.04774226207709049,0.003475147203919201,0.0036401559168220883,0.003531310734837042,0.06027505948799558,0.061862856783258736,0.04774574093248214,0.008726646259971648,0.008726646259971648,0.008726646259971648,-0.5139272504834892,-0.17194724793706082,12.28472157456004,-0.20380752427211557,-9.029101405235284,0.08510131436787259,0.16119578120110767,-0.4259525497035773,7.2135744175975836,-0.5332492229425314,2.8922501946827732,-0.7039969162140924,0.4598810244953315,0.07958991227166039,-0.5243080527894846,-0.12619673470696838,0.6823687061220914,0.12210052552631456
24.60562906265259,0.053568605333566666,-0.14480608701705933,0.800000011920929,0.0,0.0,0.13075917959213257,0.0,0.0,0.0,0.0,0.0,0.0,0.35905715360450535,0.365802991422729,-6.93996276905825,1.1833581219083726,-2.5898145522559557,0.4487274181077784,0.12516835491064712,0.0962842560494787,-0.01822057655361564,0.31002326365040767,-10.607050844212814,-0.07656468797107338,0.5639758081803956,-0.05112756132338253,0.26577633329020306,-0.15054761918499399,0.6450985937001208,0.23754625994566178,0.9840212857530928,0.2676081312957558,-0.2135834735669165,0.41229859983859457,-0.8692355427731551,-0.10309983217601358,0.05878163525288598,0.06026129745464959,0.0500364850149211,0.0035257770608897823,0.003711188336941796,0.003590463008143636,0.06210873279371089,0.06379355231404567,0.048894290577903815,0.008726646259971648,0.008726646259971648,0.008726646259971648,-0.47401490806339497,-0.15840467752936038,12.412265304697852,-0.8536324346893568,-4.689829387524652,0.0878813187592872,0.20491865457589026,-0.4169305527461115,7.205739102348454,0.6789471205394428,-2.6558555767152736,0.5471405135538552,0.510407202846829,0.0936785256936768,-0.534223678630726,-0.10787270209826662,0.6523041532592988,0.11159620643055367
24.655629062652586,0.053568605333566666,-0.14480608701705933,0.800000011920929,0.0,0.0,0.13075917959213257,0.0,0.0,0.0,0.0,0.0,0.0,0.36482057454688016,0.3703817287761358,-6.939545086458828,-1.2779834325885062,2.61295209508187,-0.13380650779137412,0.10536848278435884,0.08686523808680292,0.034927880530506925,0.17997061759096836,-10.93350022612937,-0.08173381776833055,0.6115014556946898,-0.038592443316310274,0.25439765602223846,-0.12424808167400933,0.5947494844876476,0.22928237626032744,0.9138570359690931,0.2323598224940075,-0.24061200274477035,0.4676185039952907,-1.247432315164407,-0.07887461450356399,0.06180165557251417,0.06336928361129247,0.05238723460229064,0.0035778474137063945,0.003783058848402752,0.0036547586567823778,0.0640203344437969,0.06576287051910532,0.050113880702719084,0.008726646259971648,0.008726646259971648,0.008726646259971648,-0.4217071497617111,-0.13437745176083835,12.5087966551245,-1.6356579284563142,-0.49619532360401425,0.028090837125261427,0.24668088114780967,-0.4089741720924461,7.193942742481067,0.7431466753672763,-2.19347168148328,0.32816842496540305,0.5579328503611232,0.10621364370074905,-0.5456023558986904,-0.08497104219099999,0.6005022922473606,0.10256442578133138
24.705629062652587,0.053568605333566666,-0.14480608701705933,0.800000011920929,0.0,0.0,0.13075917959213257,0.0,0.0,0.0,0.0,0.0,0.0,0.36965938658081804,0.37451954926361974,-6.936349316817167,-1.121566553748923,2.135961069533752,0.18629691654236308,0.08818399857315337,0.0786475814125526,0.09290290513596575,0.01081669684317138,-11.050267904849914,-0.08989247164728942,0.6550672777234894,-0.027994753020991865,0.24184645962127246,-0.09510825251969811,0.5250747164681974,0.22256532028380263,0.8263958351737317,0.19084653774388033,-0.25978674075671604,0.41237586410613897,-1.6382791629883864,-0.07116727577960147,0.06491545046774251,0.06657556030243288,0.05479767981395263,0.003632463951111192,0.003855320375600056,0.0037237020541807833,0.0660167489760708,0.06777194865069462,0.05140355293536187,0.008726646259971648,0.008726646259971648,0.008726646259971648,-0.368050317386321,-0.10917188086912048,12.551090354340982,-1.640319654693832,3.9268359025644686,0.005438670338587687,0.28540789114267134,-0.4025143022846116,7.178195776438439,0.7644334967730546,-1.739526379445516,0.10108367226767653,0.6014986723899227,0.11681133399606747,-0.5581535522996565,-0.06049505262801454,0.529245523440788,0.09491898355988586
24.755629062652588,0.053568605333566666,-0.14480608701705933,0.800000011920929,0.0,0.0,0.13075917959213257,0.0,0.0,0.0,0.0,0.0,0.0,0.37370604544466485,0.37827799388100586,-6.930201928821211,-0.942325333110112,1.6423746493870182,0.44187426668515034,0.07368235598071746,0.07169020328288819,0.15299261470224865,-0.1585703102165015,-10.94588402226203,-0.09918373386558199,0.6939563480760828,-0.01957102383859244,0.22857985090620556,-0.06783224425312077,0.4378782362685493,0.21723160524422566,0.728622466808568,0.1458309278911059,-0.26962406303640263,0.3159378138360584,-1.8794123760315993,-0.07972319471156253,0.06812665400753612,0.06988143723941362,0.05727046609904814,0.0036911511920120904,0.003927929533619015,0.0037967397489947394,0.06810781807905723,0.06982985341130861,0.05277034659871329,0.008726646259971648,0.008726646259971648,0.008726646259971648,-0.3172687853285356,-0.0739261877340801,12.532153625992153,-1.1920450099132687,7.503173831808545,0.05497735477232534,0.3202503026314179,-0.3978490177195983,7.158781779727417,0.7372860354362694,-1.3013898464400202,-0.12793549275563015,0.6403877427425161,0.1252350631784669,-0.5714201610147234,-0.03901410368137739,0.44063677757378733,0.0886156702100187
24.80562906265259,0.053568605333566666,-0.14480608701705933,0.800000011920929,0.0,0.0,0.13075917959213257,0.0,0.0,0.0,0.0,0.0,0.0,0.3770910990939621,0.3817326267083275,-6.921073726257378,-0.7510661469552246,1.1462600905559697,0.6399454143841655,0.061719789991170844,0.06649510980997583,0.21213548785109013,-0.3055435850371459,-10.66268324321194,-0.10599806186218765,0.7277561440497422,-0.013418516540495112,0.21494731184292756,-0.044570127371067504,0.3379385226723379,0.21185025800902255,0.6211723487113944,0.10021482061218474,-0.27525920682602173,0.22379216225715523,-2.1878171793076615,-0.12533109682118548,0.07144026297896258,0.07328942911476213,0.05980934502811457,0.0037549448464474352,0.004000822579598073,0.0038721448532245523,0.07027706478021419,0.071926596828452,0.05420568943990011,0.008726646259971648,0.008726646259971648,0.008726646259971648,-0.25499619225605047,-0.04650987886429945,12.463307451091094,-0.6658691851180069,11.743141546563677,0.10897257367135574,0.3506650449557801,-0.3951511432488226,7.1360210381003055,0.6596172584745928,-0.881989221907182,-0.3433101171981739,0.6741875387161755,0.1313875704765642,-0.5850527000780014,-0.022360402719915788,0.33958236442299844,0.08235775035842999
24.85562906265259,0.053568605333566666,-0.14480608701705933,0.800000011920929,0.0,0.0,0.13075917959213257,0.0,0.0,0.0,0.0,0.0,0.0,0.3799558651851226,0.3849617752480908,-6.909074437754728,-0.5559766949636932,0.6602233293458967,0.7859048751744082,0.05287085365524853,0.06267083178055252,0.26783605225487855,-0.42620806861802685,-10.16748407842409,-0.11011262891384174,0.7558996623764728,-0.009558247512186289,0.20108524614692835,-0.024494647178134935,0.224429270412154,0.20524884340579,0.5036205288149298,0.05444633013836282,-0.27868270179110205,0.13961498227297228,-2.3857353964898715,-0.14684249773629657,0.07485989216128872,0.07680079368030139,0.062417351163339144,0.003824654892201723,0.0040741578068723815,0.003948612050708306,0.07251450758819745,0.07406214138571449,0.05570063944627769,0.008726646259971648,0.008726646259971648,0.008726646259971648,-0.18649087349109816,-0.01826912305716851,12.371402361300659,-0.132262888561682,15.622791363368743,0.21210168203381324,0.3759437971913502,-0.3945200227602771,7.1101596839016565,0.5355473453630252,-0.49053434521953937,-0.5293759176364078,0.7023310570429061,0.13524783950487304,-0.5989147657740006,-0.009764730212213649,0.22520548046286612,0.07504473314767927
24.905629062652586,0.053568605333566666,-0.14480608701705933,0.7959440032017728,0.0,0.0,0.13075917959213257,0.0,0.0,-0.30000001192092896,0.0,0.0,0.0,0.38246381610794306,0.38803501083114156,-6.894405002394128,-0.36431291057896564,0.19651254257758985,0.8848810988978043,0.047447183257574264,0.06025859154148595,0.31894136216914154,-0.5201922373710844,-9.478302422796034,-0.10907074054737297,0.7778562197226683,-0.007962560167178286,0.18707969063094798,-0.0070666092348437674,0.0978018863469288,0.1978942512330308,0.373117804909579,0.009450119598779602,-0.2818791230878981,0.0679541868147457,-2.68528588925334,-0.1566617121032442,0.07838928846871067,0.08041728630494027,0.06509745633761069,0.0039003216449525558,0.00414779066114146,0.004023760092556448,0.07479823310131413,0.07622860833031339,0.057230957152874885,0.008726646259971648,0.008726646259971648,0.008726646259971648,-0.11731468811503341,-0.001277705517232949,11.4788077117968,0.29576860580445075,18.642498534393674,0.1828252292139229,0.3953924036147252,-0.39599757099831984,7.081484693025076,0.37389347086555497,-0.13644928078017282,-0.6710099240799322,0.7242876143891016,0.13684352684988105,-0.6088643125708249,-0.0006608628830839947,0.09791300238721849,0.06723971779819118
24.955629062652587,0.053568605333566666,-0.14480608701705933,0.78094398240994,0.0,0.0,0.13075917959213257,0.0,0.0,-0.30000001192092896,0.0,0.0,0.0,0.3847870537426,0.39100887367416415,-6.878296044849694,-0.1823664869380978,-0.2346819427410278,0.9426246402302435,0.0454823221287029,0.058695922179415994,0.32541693960821466,-0.5927748314058419,-8.63813540861668,-0.10949267482189866,0.79312232102251,-0.008590680619641829,0.17284574722556664,0.009089722615399308,-0.04053276209088725,0.18988332746771866,0.23855274737508214,-0.03407248406381117,-0.2880211251789472,0.041775301563462056,-2.785214029893599,-0.15009591775452746,0.08203085852170176,0.08414000095897886,0.06785158433717711,0.00398276906806284,0.004222119214084307,0.004096355648429818,0.07711459768410699,0.07843123786649614,0.058785023563704256,0.008726646259971648,0.008726646259971648,0.008726646259971648,-0.02011239671897883,0.03705541005321687,11.288903977645726,0.5697410452332218,20.0,0.21280089133182128,0.40833526727991,-0.399599554293806,7.051141792075261,0.19028229730894083,0.17242542807707062,-0.7581977384197403,0.7395537156889433,0.1362154063974175,-0.6080982351843733,0.006413464092648286,-0.04098435949970864,0.05914292614240956
25.005629062652588,0.053568605333566666,-0.14480608701705933,0.7648879452686466,0.0,0.0,0.13075917959213257,0.0,0.0,-0.30000001192092896,0.0,0.0,0.0,0.3871335511850585,0.3939525194435463,-6.862100688100996,-0.014948133535384116,-0.6267280389959186,0.9654946073088427,0.04837757556963433,0.059049908595868554,0.3223973303397339,-0.6516588034691605,-7.730093321157009,-0.1084158259905294,0.8017290691902081,-0.011287383595213692,0.15815917253240194,0.023442465021080675,-0.17927386736016396,0.1814203687508356,0.10472849668690788,-0.07298300746193347,-0.3011333945255617,0.007270287389338682,-2.8215764839711164,-0.14846626164452142,0.0857861887050219,0.08797017700408152,0.07068068932739931,0.004068566794564081,0.004296663434277087,0.004163567784579858,0.07942098331871275,0.08064784259556207,0.06031563706855262,0.008726646259971648,0.008726646259971648,0.008726646259971648,0.08087974692218368,0.07684113217576266,11.129550089942306,0.7776802264906796,20.0,0.19126391470443652,0.41459551800514965,-0.40523990303876,7.020259860633398,0.005824098378286743,0.44074308254057915,-0.7885423078977429,0.7481604638566415,0.13351870342184563,-0.6067287727362446,0.011665082640439707,-0.1801938861909497,0.05101713133596095
25.05562906265259,0.053568605333566666,-0.14480608701705933,0.75094398240903,0.0,0.0,0.13075917959213257,0.0,0.0,-0.30000001192092896,0.0,0.0,0.0,0.389751051479115,0.3969635966864043,-6.84625550417535,0.13508070324403482,-0.9770040981862536,0.9599285791891083,0.05632243619262396,0.06139318111844844,0.31141002668608203,-0.700145816469606,-6.822051233697337,-0.1084158259905294,0.8034982390805296,-0.015822112747846194,0.1424594867084563,0.03682655195053439,-0.32313227371979814,0.1722375200223625,-0.03396397654772755,-0.10763343000170705,-0.32985586684299895,-0.014877046925107204,-2.9537139764878373,-0.15246155159985675,0.08965513231392933,0.09190846179011822,0.07358442150232977,0.00415702422969412,0.004371700573044904,0.004225236527786012,0.08168392021616419,0.08286536326250105,0.06180828742675279,0.008726646259971648,0.008726646259971648,0.008726646259971648,0.19859093817244164,0.11385884203578509,11.03850312684319,1.0537209579904045,20.0,0.21932647229150554,0.41374718760141466,-0.41278570943425047,6.988714990883806,-0.16662986990099357,0.6614648349456975,-0.7685442900246365,0.749929633746963,0.12898397426921313,-0.6084844957005737,0.015618332724023187,-0.32446705751981253,0.042631539199966796
25.10562906265259,0.053568605333566666,-0.14480608701705933,0.7359440151219052,0.0,0.0,0.13075917959213257,0.0,0.0,-0.30000001192092896,0.0,0.0,0.0,0.3929129337933838,0.4001381096927163,-6.831073494136261,0.2661420257074352,-1.2847455000235322,0.9319432220607099,0.07015285637812657,0.06558733913402946,0.2958703748774743,-0.7348307928950651,-5.914009146237666,-0.10701269811117593,0.7984161397138522,-0.021970259747502056,0.12488905355789767,0.05079945606024999,-0.4737388047524281,0.16257429855157393,-0.16784464580891714,-0.13750164370504986,-0.37587613396195907,0.00709822401302103,-3.0717969766709428,-0.14326901035821094,0.09363487035024652,0.0959540433508539,0.0765603945281651,0.004246592903054039,0.004447382151885886,0.004280964817043823,0.08388275992307664,0.08508075991116709,0.0632372132881497,0.008726646259971648,0.008726646259971648,0.008726646259971648,0.3175668115291179,0.14177849181742488,11.019981411525183,0.7190422509477362,20.0,0.18363421389233744,0.40550320592046835,-0.42210836944021835,6.955962547694158,-0.31575865112432966,0.8314685134297867,-0.7072407919687939,0.7448475343802855,0.12283582726955727,-0.6110549615640075,0.019718888491619117,-0.47553315666360774,0.03429535102194627
25.155629062652586,0.053568605333566666,-0.14480608701705933,0.7209439731601451,0.0,0.0,0.13075917959213257,0.0,0.0,-0.30000001192092896,0.0,0.0,0.0,0.39691505695862334,0.40355723016203415,-6.816691618831751,0.3765338434716181,-1.549703858673749,0.8867222311786108,0.08993207023146169,0.0711774796386921,0.2794046373029674,-0.7862497046726543,-5.005967058778058,-0.10739418315178087,0.7868481405211735,-0.029456513817235297,0.10462486053063721,0.06582880608714489,-0.6282035933239517,0.1527538330600927,-0.2932672230578794,-0.1610475632124911,-0.436821335609953,0.0006538553851673382,-3.139542185411177,-0.12148282723939074,0.09772287875024281,0.10010752841528447,0.07960551668728715,0.004333466738385551,0.004523511683671559,0.004330016541581504,0.0859990503956309,0.08729016837543739,0.06456440801187109,0.008726646259971648,0.008726646259971648,0.008726646259971648,0.43556281640804345,0.1659067974800473,11.07550940441762,0.7364680481575296,20.0,0.15178927979552698,0.38993308356255013,-0.43301374397926945,6.921316479362388,-0.4322600508526046,0.9526175891387683,-0.6165651305185513,0.7332795351876068,0.11534957319982403,-0.6163191126295079,0.02462151812069049,-0.6305423306089895,0.026366636140171606
25.205629062652587,0.053568605333566666,-0.14480608701705933,0.705943994330869,0.0,0.0,0.13075917959213257,0.0,0.0,-0.30000001192092896,0.0,0.0,0.0,0.4020536358226286,0.40728601803866366,-6.803063620414849,0.4648182305496164,-1.7718444189540214,0.828714164832487,0.11561108432874456,0.07797403542648627,0.26571529937308114,-0.8367973265897575,-4.0979249713183865,-0.10936791489722637,0.7692930203350613,-0.03793596589359934,0.08101850494295346,0.07918129582916972,-0.7864257734432392,0.1429277300466319,-0.4061202447646488,-0.1767868686335638,-0.5093478867157103,-0.027481239302856786,-3.1783214685084467,-0.09237516881855391,0.10191422798537955,0.10436810424910957,0.08271401659592165,0.0044147962067382345,0.004600102390964635,0.004372996471677062,0.08802728547710714,0.08949899091094471,0.0657653266462622,0.008726646259971648,0.008726646259971648,0.008726646259971648,0.5421741934624362,0.18549004398564503,11.184484866510033,0.8574914406311233,20.0,0.08218510087314324,0.3672393845124327,-0.445221983932263,6.884082125357803,-0.513933917014771,1.0258127385903923,-0.5065814919247128,0.7157244150014946,0.10687012112345998,-0.6249254893879155,0.027607917896375882,-0.7892144908949996,0.019041129799792403
25.255629062652588,0.053568605333566666,-0.14480608701705933,0.690943994330414,0.0,0.0,0.13075917959213257,0.0,0.0,-0.30000001192092896,0.0,0.0,0.0,0.408609429612816,0.41137911276281486,-6.789983869566826,0.5305251553177953,-1.9509272803514812,0.7624554070455007,0.14662066727874715,0.08574975353956035,0.25747473454781566,-0.8812937788831808,-3.189882883858715,-0.11482185558879111,0.7466864310240089,-0.04701215100897839,0.05356888408401218,0.09017396455234121,-0.9408655682882632,0.13444533290796562,-0.49250701288844806,-0.1847642523916139,-0.5890499206935932,-0.04918423621086236,-2.9515596262070756,-0.017751316078659422,0.10620480788136868,0.10873671168764729,0.08587950108520805,0.004485998746448407,0.004677064082501503,0.00441057855738433,0.08996351936484424,0.09170841607939136,0.06680795152005922,0.008726646259971648,0.008726646259971648,0.008726646259971648,0.6174081976785151,0.1925452380056494,11.36393901774382,1.084741348144999,20.0,-0.08926498501672918,0.3380770014111929,-0.45839126377179323,6.8435527536508385,-0.5588389966179456,1.0578184448459345,-0.39025382894532334,0.6931178256904422,0.09779393600808094,-0.6373751102464018,0.02848838289492729,-0.943973540175533,0.013559513632577425
25.30562906265259,0.053568605333566666,-0.14480608701705933,0.675943976688735,0.0,0.0,0.13075917959213257,0.0,0.0,-0.30000001192092896,0.0,0.0,0.0,0.4168097450557736,0.41586981238514475,-6.777091829271025,0.5740835106659594,-2.0865934471612406,0.6923552116852635,0.18139195043955372,0.09387823135363466,0.2582068772842397,-0.9144277358009102,-2.2818407963990435,-0.12884830057484958,0.7206385617044804,-0.05626314889324903,0.02210092584651311,0.09760317955966236,-1.0777971533135702,0.12913874870000394,-0.5437647220051092,-0.18362482268558136,-0.6697785078564447,-0.049058227945358315,-2.535127791273059,0.04424318437106285,0.11058943544919006,0.11321356209037554,0.08909369692586475,0.004544261931013843,0.004754536414375533,0.004444623670318432,0.09182883656020233,0.09392994468475438,0.06769025508176615,0.008726646259971648,0.008726646259971648,0.008726646259971648,0.0,0.0,10.638411486804255,1.0693635802657486,20.0,-0.24762401278765422,0.30382881664870676,-0.47213296127839377,6.799192755117538,-0.5694875028464842,1.0616746093626757,-0.2809057259527268,0.6670699563709137,0.0885429381238103,-0.6538430508422218,0.026957840956250693,-1.0810264293262688,0.011385738767330763
25.35562906265259,0.053568605333566666,-0.14480608701705933,0.6609439850808458,0.0,0.0,0.13075917959213257,0.0,0.0,-0.30000001192092896,0.0,0.0,0.0,0.4259768644096735,0.4205262543506713,-6.765070091252076,0.5965479642506355,-2.178504631345708,0.6222143736027403,0.1852928237164341,0.09237944726742635,0.22266264347368492,-0.9483305811126022,-1.373798708939372,-0.15079269694945444,0.6927544603590734,-0.06521755027528214,-0.013344615907981796,0.10222594976248926,-1.1917925391883257,0.12666229044320393,-0.56814021613159,-0.1731827085167374,-0.7467009182402362,-0.034277096575826296,-1.9980338187079265,0.08212242246593496,0.11506426374443078,0.11779990366949494,0.09234874503601631,0.004590296368688002,0.004832538865068715,0.004475644210659518,0.09365151162341094,0.09617405854937379,0.06843325633185807,0.008726646259971648,0.008726646259971648,0.008726646259971648,0.0,0.0,10.6134418812231,1.1882662558109867,20.0,-0.4021075007355243,0.2667775959493999,-0.48574380462595346,6.751725475344094,-0.5540983363123033,1.0420601361162307,-0.18747742794283265,0.6391858550255067,0.07958853674177718,-0.6742886009888276,0.024125468974316115,-1.195000342843692,0.0118646006417001
25.405629062652586,0.053568605333566666,-0.14480608701705933,0.6448879553801963,0.0,0.0,0.13075917959213257,0.0,0.0,-0.30000001192092896,0.0,0.0,0.0,0.43533902742741665,0.42510775711188714,-6.754856776930632,0.5994804552407496,-2.226356276913025,0.5551086822037898,0.1891936969933142,0.09088066318121815,0.18586992938407496,-0.9762882926470301,-0.4657566214797648,-0.1804612677214508,0.6638043186806168,-0.07359371871611024,-0.0523966386996436,0.10585835446134453,-1.275390016440069,0.12819462635059375,-0.5919190631153443,-0.16259093355801219,-0.813971595195008,0.06150539909533833,-1.3806730390756443,0.10453631989854346,0.11962704038631317,0.12249765322381294,0.09563780183061814,0.004626477999219056,0.004911154752419639,0.004504044598777086,0.09547414041187786,0.09846096353330923,0.06908053737313599,0.008726646259971648,0.008726646259971648,0.008726646259971648,0.0,0.0,10.58668550509159,0.8088505979731919,20.0,-0.5794270479432255,0.2284652912532002,-0.4987014758279974,6.702460138230989,-0.5194472832649498,1.0058237745961875,-0.1157131985001681,0.6102357133470502,0.07121236830094908,-0.6972845940798399,0.02228911548708147,-1.2785492782463146,0.015771969319449474
25.455629062652587,0.053568605333566666,-0.14480608701705933,0.6309440062517979,0.0,0.0,0.13075917959213257,0.0,0.0,-0.30000001192092896,0.0,0.0,0.0,0.44489623410900453,0.4296143206687929,-6.746516543783833,0.5847335618595465,-2.229884297791571,0.4927878853590331,0.19309457027019458,0.08938187909500984,0.14773939648788684,-1.02321678707335,0.4422854659799068,-0.21899581585383443,0.6336458521753219,-0.08147465255004316,-0.09461321869223344,0.11033622931809996,-1.3300165894809124,0.13382479246730508,-0.6111460681560369,-0.15242244332030846,-0.8731562396599195,0.10691714262906978,-0.8045793726622539,0.13415639852538602,0.12427596285785159,0.12730776264214053,0.09895530776057805,0.004656780667235153,0.0049905017693453076,0.004530579757993487,0.09732298053999601,0.10078485360492602,0.06967323544391087,0.008726646259971648,0.008726646259971648,0.008726646259971648,0.0,0.0,10.563472776052341,0.8297312625936576,20.0,-0.7815205851228065,0.18874961806631735,-0.5110889732188361,6.6519033250916,-0.4717098803345431,0.9515572687139724,-0.06517492105339574,0.5800772468417552,0.06333143446701617,-0.7255572249440314,0.02318604922332253,-1.3332080368631825,0.023055524704630494
25.505629062652588,0.053568605333566666,-0.14480608701705933,0.6159439886095505,0.0,0.0,0.13075917959213257,0.0,0.0,-0.30000001192092896,0.0,0.0,0.0,0.4546484844544364,0.4340459450213882,-6.7401118531931425,0.5545053551568538,-2.1887700421349026,0.43592390791852414,0.19699544354707496,0.08788309500880154,0.10844822713973631,-1.0691012482686466,1.3503275534395784,-0.2676350408451973,0.6029447239853621,-0.08882275041213654,-0.13948646335054532,0.11128561310465009,-1.3541048132453564,0.14264169913318434,-0.6158389054686517,-0.14199898689953108,-0.9187640007880054,0.11764872493120078,-0.1280669501874068,0.16816589934313642,0.12901255281837926,0.13223301144484678,0.10229828338539117,0.004684571552204944,0.005070506074638848,0.004557102100953879,0.09925057632850169,0.10316018684095521,0.0702559974429325,0.008726646259971648,0.008726646259971648,0.008726646259971648,0.0,0.0,10.53848773552837,1.3112907333950656,20.0,-1.021732686546067,0.14829623953092574,-0.5228686954335248,6.600625389842597,-0.41775594047274023,0.8820960808553365,-0.029653061551336835,0.5493761186517955,0.05598333660492279,-0.7554304519600958,0.02255784408062983,-1.3571438489137666,0.03262249765137163
